sequence_number,time_taken_to_correct_s
2,7.6544e-05
4,3.1488e-05
33,2.4832e-05
80,2.56e-07
111,0.000101888
201,9.4208e-05
271,6.6304e-05
321,1.024e-05
346,9.8816e-05
361,7.68e-06
407,0.00011904
459,2.9184e-05
500,7.4752e-05
508,3.7632e-05
553,1.1008e-05
570,5.8112e-05
614,1.536e-06
646,0.00011136
664,2.2272e-05
715,2.0736e-05
769,6.656e-06
825,6.656e-06
894,9.1904e-05
960,8.5504e-05
963,2.6368e-05
1033,1.792e-05
1060,1.3312e-05
1122,0.000123648
1136,2.4064e-05
1172,1.5872e-05
1233,2.6624e-05
1283,2.304e-05
1361,3.584e-06
1379,4.6336e-05
1410,2.8416e-05
1499,3.3536e-05
1558,0.000131072
1569,0.000285696
1625,7.6544e-05
1645,5.632e-06
1735,1.8944e-05
1749,5.6064e-05
1754,4.9664e-05
1821,2.6112e-05
1865,0.000333056
1885,8.96e-06
1960,1.4336e-05
1994,6.4e-05
2083,3.0464e-05
2085,8.0128e-05
2128,2.816e-06
2235,1.9968e-05
2255,0.000106496
2371,5.632e-05
2399,3.2768e-05
2438,1.3568e-05
2498,2.816e-06
2523,8.6016e-05
2573,1.5104e-05
2587,3.5328e-05
2606,1.28e-06
2612,2.56e-07
2635,7.168e-06
2653,6.912e-06
2657,1.9712e-05
2660,0.000414976
2696,5.12e-07
2724,4.3776e-05
2756,8.0128e-05
2762,0.000140032
2815,3.456e-05
2893,2.56e-07
2895,4.352e-06
2926,6.4512e-05
2979,0.00011904
3033,0.000121856
3054,3.7376e-05
3133,4.2496e-05
3332,2.1248e-05
3357,2.56e-05
3455,3.6096e-05
3502,1.6384e-05
3523,4.4032e-05
3563,4.5824e-05
3638,7.0656e-05
3646,4.8128e-05
3714,3.328e-05
3783,1.5104e-05
3841,5.632e-05
3855,0.00048
3893,2.9696e-05
3928,6.5536e-05
3938,0.000327168
3961,4.864e-06
3989,0.000185344
3993,0.000159744
4039,6.2464e-05
4060,1.1008e-05
4067,0.00030976
4140,1.024e-06
4142,3.4816e-05
4216,2.688e-05
4256,2.688e-05
4348,6.912e-06
4436,2.816e-06
4458,4.864e-05
4545,0.001539328
4648,1.2032e-05
4737,2.0992e-05
4747,1.1264e-05
4823,0.00013312
4856,1.536e-05
4888,2.7136e-05
4961,2.6112e-05
4994,5.632e-06
5123,6.912e-06
5133,1.6384e-05
5158,0.000590592
5182,3.3024e-05
5224,4.3264e-05
5227,9.984e-05
5243,1.5616e-05
5315,6.4e-06
5321,2.816e-05
5357,3.328e-06
5429,2.1248e-05
5477,2.816e-06
5605,0.000128256
5655,2.048e-05
5685,1.792e-06
5714,4.8896e-05
5733,6.3488e-05
5746,0.002699776
5967,4.7104e-05
5987,4.48e-05
6042,9.728e-06
6068,8.8064e-05
6104,4.3264e-05
6114,0.00039168
6180,0.000109312
6204,4.096e-05
6276,1.2288e-05
6315,0.000149248
6345,7.0656e-05
6361,3.1232e-05
6419,1.2032e-05
6432,1.4336e-05
6476,9.984e-06
6528,1.8944e-05
6558,1.9456e-05
6595,1.9712e-05
6615,8.1152e-05
6658,4.2752e-05
6677,7.936e-06
6705,3.6096e-05
6726,6.0928e-05
6742,0.000721664
6778,4.096e-05
6871,7.168e-06
6885,1.8432e-05
6952,4.0704e-05
6973,5.1968e-05
7005,6.0416e-05
7137,4.736e-05
7151,1.792e-06
7163,2.7904e-05
7235,1.2032e-05
7311,4.736e-05
7324,0.000155904
7388,2.56e-07
7411,7.68e-06
7434,0.000373248
7478,7.936e-06
7517,8.9344e-05
7545,8.32e-05
7560,1.7664e-05
7567,6.2208e-05
7629,6.656e-06
7653,3.6096e-05
7694,0.000177664
7730,8.8576e-05
7751,0.00011776
7788,1.536e-06
7895,3.84e-06
7933,2.7392e-05
7990,7.68e-07
8081,8.448e-06
8128,1.152e-05
8159,1.024e-06
8202,6.6048e-05
8210,2.432e-05
8329,8.96e-06
8372,0.000143872
8451,1.024e-06
8628,3.2256e-05
8631,0.000235264
8707,1.536e-06
8727,6.912e-06
8744,3.7632e-05
8753,5.8112e-05
8759,0.000381696
8765,0.001075456
8787,6.528e-05
8826,0.0001088
8905,8.2176e-05
8918,2.56e-06
8943,0.000170752
9055,0.000807936
9159,8.448e-06
9170,8.192e-05
9223,1.2032e-05
9246,1.6896e-05
9319,7.7824e-05
9353,6.272e-05
9432,0.000119296
9521,3.584e-05
9619,1.9968e-05
9633,9.216e-05
9656,0.00042624
9705,3.072e-06
9713,0.0004736
9796,0.000134144
9851,1.1264e-05
9890,0.0
9921,1.2032e-05
9957,0.001346816
10048,4.608e-06
10087,1.2032e-05
10131,2.5088e-05
10133,0.00016768
10160,9.1648e-05
10197,1.6128e-05
10289,3.1232e-05
10329,1.6128e-05
10375,3.584e-06
10427,1.024e-06
10448,1.28e-05
10489,2.048e-06
10498,3.6608e-05
10558,2.56e-07
10568,0.00625408
10642,8.3712e-05
10763,3.2768e-05
10790,7.1168e-05
10808,3.1232e-05
10848,2.1504e-05
10880,3.4048e-05
10984,6.1184e-05
11058,8.576e-05
11111,6.7328e-05
11157,6.4e-06
11216,3.072e-06
11229,4.0192e-05
11285,6.272e-05
11343,0.000726528
11387,1.5872e-05
11482,5.2224e-05
11493,1.024e-05
11516,9.472e-06
11661,2.0736e-05
11721,1.792e-05
11736,2.6368e-05
11759,0.00041216
11763,0.000139264
11809,4.5312e-05
11898,2.7648e-05
11925,7.68e-06
11978,7.296e-05
12011,0.000114176
12019,7.936e-06
12105,2.4832e-05
12293,9.0368e-05
12327,6.144e-06
12346,9.3952e-05
12370,1.1264e-05
12397,2.2528e-05
12490,2.56e-06
12562,3.072e-06
12645,1.8688e-05
12647,1.9968e-05
12698,6.912e-05
12707,9.2672e-05
12755,6.3232e-05
12796,0.000103424
12807,1.8432e-05
12828,0.000131072
12868,3.6352e-05
12906,5.888e-05
12965,0.000101632
12974,2.0736e-05
12995,1.536e-05
13019,3.072e-06
13049,6.4e-06
13142,7.1424e-05
13170,2.2784e-05
13209,7.936e-06
13279,8.9344e-05
13335,0.000111616
13388,3.584e-06
13395,1.4592e-05
13415,1.7152e-05
13456,7.1168e-05
13560,7.0912e-05
13566,0.000115968
13738,3.328e-05
13749,6.912e-05
13779,3.84e-05
13803,8.7808e-05
13881,6.656e-06
13891,4.608e-06
13915,2.816e-06
14128,5.9392e-05
14151,4.1472e-05
14160,2.048e-06
14200,5.3248e-05
14348,0.000214528
14547,1.024e-06
14615,0.00010624
14745,0.000142336
14793,3.7376e-05
14827,2.816e-05
14846,5.632e-06
14911,2.56e-05
14987,2.56e-06
15001,3.0976e-05
15020,1.2544e-05
15053,0.000105728
15081,1.2288e-05
15101,3.9424e-05
15119,2.8416e-05
15123,7.1168e-05
15139,3.4048e-05
15173,4.6592e-05
15198,2.2272e-05
15213,0.00047104
15228,0.0002624
15261,0.00023808
15291,3.84e-06
15312,5.632e-06
15345,0.001325568
15449,7.68e-07
15464,0.000845056
15581,7.8336e-05
15610,1.536e-06
15663,1.1008e-05
15709,5.0432e-05
15732,5.1456e-05
15784,3.0464e-05
15907,6.784e-05
15946,8.2176e-05
15952,5.6832e-05
16005,1.8432e-05
16012,5.9136e-05
16052,5.0944e-05
16077,3.0208e-05
16106,5.9904e-05
16107,0.00013056
16124,1.7664e-05
16137,3.4816e-05
16213,1.3056e-05
16225,0.000112128
16269,6.2976e-05
16317,2.2784e-05
16355,1.28e-06
16375,6.6048e-05
16392,3.072e-05
16444,5.0944e-05
16485,7.936e-06
16488,7.4752e-05
16516,3.5584e-05
16527,5.76e-05
16559,0.000162816
16622,3.0976e-05
16687,3.584e-06
16716,1.92e-05
16720,1.152e-05
16764,7.808e-05
16798,1.4848e-05
16800,1.2288e-05
16881,1.1776e-05
16935,4.352e-06
16954,3.1744e-05
16995,9.088e-05
17025,3.5584e-05
17037,6.144e-06
17051,2.816e-05
17068,3.7632e-05
17102,3.6864e-05
17125,3.0464e-05
17133,5.4016e-05
17191,2.3552e-05
17230,2.6112e-05
17240,5.12e-05
17248,2.56e-07
17326,2.8672e-05
17335,2.6624e-05
17403,5.6832e-05
17455,3.4816e-05
17486,9.5488e-05
17532,1.2032e-05
17627,8.5248e-05
17679,1.5104e-05
17726,3.5584e-05
17768,0.000496128
17777,0.000347904
17837,4.0704e-05
17881,3.328e-06
17911,1.1264e-05
17923,2.0224e-05
17933,0.000631296
18030,9.472e-06
18060,2.4576e-05
18096,1.4592e-05
18136,0.00065792
18293,4.864e-05
18334,0.000113408
18367,0.000730112
18395,0.001303552
18439,2.9696e-05
18468,3.1744e-05
18478,1.1776e-05
18526,5.2736e-05
18554,4.2752e-05
18613,3.5072e-05
18653,7.936e-06
18685,1.3824e-05
18698,1.7664e-05
18749,3.6864e-05
18769,0.000132352
18817,5.12e-07
18856,5.7344e-05
18871,2.1248e-05
18948,3.1232e-05
19029,1.3568e-05
19161,3.3792e-05
19175,3.5328e-05
19208,3.6608e-05
19231,0.00017664
19284,3.584e-06
19294,5.12e-07
19396,1.0496e-05
19412,2.0736e-05
19426,0.000323584
19458,4.1216e-05
19482,0.000252416
19530,5.632e-06
19546,6.0416e-05
19559,1.536e-06
19568,0.000713472
19672,5.9136e-05
19730,1.3056e-05
19766,2.4576e-05
19789,3.968e-05
19809,1.8688e-05
19817,1.5872e-05
19852,7.5776e-05
19924,1.92e-05
19961,1.28e-06
20014,3.072e-05
20080,4.1728e-05
20228,8.4992e-05
20262,1.2032e-05
20324,8.448e-06
20348,2.56e-07
20455,1.6128e-05
20503,6.8096e-05
20517,4.4032e-05
20579,1.2288e-05
20641,5.4016e-05
20661,1.2288e-05
20680,4.7104e-05
20747,4.3264e-05
20765,0.001029376
20805,1.2032e-05
20873,4.7616e-05
20883,0.00019968
20902,7.68e-06
20942,4.6592e-05
20958,5.4016e-05
21016,4.864e-06
21075,1.024e-06
21085,2.5088e-05
21093,6.4e-06
21140,1.3056e-05
21164,4.6592e-05
21209,2.7136e-05
21270,5.4784e-05
21309,6.6304e-05
21329,2.4576e-05
21345,5.2224e-05
21359,0.000161792
21370,0.000127488
21372,0.000125696
21448,4.608e-05
21564,0.000176896
21656,0.00010496
21672,1.2032e-05
21715,0.00014848
21760,1.4848e-05
21811,3.9936e-05
21872,3.9424e-05
21889,4.608e-06
21919,1.2544e-05
21945,0.000111616
21957,1.4848e-05
22014,1.8944e-05
22114,5.2224e-05
22131,3.5584e-05
22207,9.3184e-05
22253,1.1264e-05
22368,3.84e-05
22487,5.248e-05
22510,7.68e-07
22514,1.8688e-05
22558,0.001367552
22609,2.9696e-05
22648,0.000140032
22690,2.304e-06
22729,4.1216e-05
22757,6.4e-06
22775,3.4816e-05
22825,0.000168704
22861,3.3536e-05
22918,1.408e-05
23005,7.2704e-05
23024,3.8912e-05
23088,4.0448e-05
23162,7.424e-06
23163,0.000270336
23250,5.9136e-05
23282,1.5616e-05
23313,3.3024e-05
23428,4.096e-05
23455,3.328e-06
23529,6.3232e-05
23599,1.3568e-05
23648,4.864e-05
23655,1.5872e-05
23678,4.096e-06
23746,5.5808e-05
23760,2.7904e-05
23806,3.84e-05
23830,2.9184e-05
23886,1.4592e-05
23919,3.328e-06
23955,0.000567296
24024,3.328e-06
24062,2.176e-05
24101,8.448e-06
24224,4.9664e-05
24232,1.5872e-05
24266,0.000136704
24280,3.2e-05
24327,4.1472e-05
24359,2.56e-06
24362,0.000205568
24430,0.00017536
24516,2.4832e-05
24555,4.9664e-05
24570,1.8944e-05
24629,1.8432e-05
24665,2.304e-06
24675,1.024e-05
24690,4.0448e-05
24807,2.048e-06
24827,0.000108544
24855,5.888e-05
24861,0.000121088
24885,3.2768e-05
24902,1.408e-05
24935,2.56e-06
24940,2.56e-06
24957,5.76e-05
24965,1.152e-05
24981,5.248e-05
25027,1.4848e-05
25036,2.9696e-05
25063,4.1984e-05
25202,2.432e-05
25215,0.000109056
25264,2.2528e-05
25353,4.2752e-05
25401,6.1952e-05
25415,7.2192e-05
25522,4.1216e-05
25546,3.2256e-05
25555,8.704e-06
25635,3.7888e-05
25667,3.5072e-05
25687,1.024e-06
25703,1.1264e-05
25725,3.584e-05
25805,2.4064e-05
25819,1.7408e-05
25850,4.3008e-05
26020,2.3552e-05
26100,2.2528e-05
26156,2.3552e-05
26166,9.8816e-05
26170,0.000397056
26235,6.656e-05
26345,3.4048e-05
26368,3.84e-06
26423,2.688e-05
26433,4.6336e-05
26448,0.000138496
26478,1.7664e-05
26505,1.536e-05
26525,0.000212992
26565,4.864e-06
26654,8.448e-05
26692,3.584e-05
26715,4.0448e-05
26758,3.328e-06
26782,0.00025088
26829,7.936e-06
26839,2.176e-05
26902,2.4832e-05
26959,2.7392e-05
26997,4.608e-06
27017,7.2448e-05
27040,4.8896e-05
27060,2.3296e-05
27086,0.000193792
27125,7.68e-07
27181,3.584e-05
27260,2.56e-06
27378,0.000320768
27399,6.9888e-05
27432,3.5584e-05
27488,7.1424e-05
27529,2.2272e-05
27556,5.12e-06
27627,1.408e-05
27645,6.4e-06
27749,1.7152e-05
27763,4.5312e-05
27781,1.8688e-05
27829,3.6096e-05
27867,4.224e-05
27889,1.8944e-05
27895,1.1008e-05
27943,5.0176e-05
27946,1.024e-06
27957,2.176e-05
27962,3.2256e-05
27963,2.2272e-05
28029,3.4304e-05
28035,7.424e-06
28053,2.816e-05
28079,3.072e-06
28107,8.192e-06
28123,1.7408e-05
28194,6.912e-06
28205,1.6384e-05
28287,6.1184e-05
28311,1.2032e-05
28351,2.5344e-05
28363,2.0992e-05
28409,3.2512e-05
28430,8.448e-06
28458,1.6384e-05
28546,0.000177664
28561,0.000722432
28633,2.5344e-05
28657,0.0001344
28693,7.8848e-05
28752,3.9168e-05
28770,2.4832e-05
28858,0.000141312
28898,1.5872e-05
28901,5.12e-07
28911,4.608e-05
28985,2.5856e-05
29001,5.3504e-05
29090,8.6272e-05
29146,6.5536e-05
29156,4.8384e-05
29160,0.000126976
29187,3.072e-06
29281,1.3568e-05
29307,9.8304e-05
29338,1.408e-05
29447,2.56e-07
29517,2.7392e-05
29535,3.9168e-05
29553,3.6608e-05
29595,5.4784e-05
29616,4.0704e-05
29653,4.0448e-05
29726,5.12e-07
29728,0.000100864
29764,8.5504e-05
29805,4.9664e-05
29869,4.352e-05
29903,3.2e-05
29947,8.8064e-05
30028,5.0944e-05
30178,9.7792e-05
30219,2.048e-05
30260,2.56e-07
30284,4.5824e-05
30295,5.1456e-05
30357,7.68e-07
30358,0.000752128
30535,1.8176e-05
30565,3.5072e-05
30598,9.2416e-05
30651,6.5792e-05
30668,6.2208e-05
30695,7.8592e-05
30701,6.0416e-05
30748,5.4272e-05
30802,0.000337664
30855,2.56e-06
30916,9.472e-06
30967,0.00011904
30985,8.448e-06
31137,1.5104e-05
31203,2.6368e-05
31292,1.3568e-05
31325,1.6896e-05
31500,0.000103424
31544,3.2512e-05
31551,5.632e-06
31557,1.6128e-05
31650,2.0224e-05
31660,0.000375552
31707,0.000126976
31800,2.1248e-05
31816,2.3808e-05
31847,1.792e-06
31905,1.6896e-05
31982,6.7072e-05
32124,5.12e-06
32158,0.000102656
32164,0.000934144
32227,6.7328e-05
32288,6.4768e-05
32357,3.7376e-05
32414,6.656e-06
32500,7.0144e-05
32528,1.3312e-05
32604,1.4336e-05
32628,5.632e-06
32684,6.7072e-05
32745,0.000185088
32759,0.000193024
32885,0.000145408
32948,1.4336e-05
32956,4.352e-06
33025,9.984e-06
33037,7.68e-07
33096,2.9184e-05
33165,5.632e-06
33207,6.144e-06
33209,3.84e-06
33219,1.2544e-05
33233,1.9968e-05
33302,2.7904e-05
33322,8.6016e-05
33360,2.048e-05
33369,0.003969024
33413,0.000547328
33430,0.000137728
33512,2.1504e-05
33583,3.6096e-05
33717,1.024e-06
33784,9.1904e-05
33896,4.3264e-05
33910,1.5104e-05
33950,5.2224e-05
33958,5.12e-07
33961,0.000333312
34034,8.1408e-05
34117,4.736e-05
34147,1.4336e-05
34212,5.0688e-05
34214,2.4064e-05
34257,1.7152e-05
34282,8.2432e-05
34328,1.1776e-05
34366,4.864e-06
34399,7.424e-06
34506,5.12e-06
34557,0.000294912
34564,5.2224e-05
34571,0.000100096
34597,1.9456e-05
34617,5.376e-06
34648,7.8336e-05
34709,7.424e-06
34717,2.8416e-05
34764,1.1008e-05
34803,2.8416e-05
34894,9.984e-06
34980,3.3792e-05
34988,7.0656e-05
34999,0.000113152
35132,0.000108032
35142,0.000214784
35183,0.000361984
35213,4.864e-06
35215,0.0
35263,0.000246784
35287,1.664e-05
35310,8.7808e-05
35321,0.00238976
35396,2.2528e-05
35409,0.000594944
35477,4.6848e-05
35575,1.3312e-05
35604,5.7088e-05
35621,7.68e-06
35648,4.608e-06
35656,1.152e-05
35729,7.0144e-05
35746,1.7408e-05
35764,0.001111552
35810,0.000281088
35838,0.00103296
35875,0.000543232
35906,0.0006464
35918,0.000975872
35941,0.000490496
35994,8.704e-06
36010,1.7664e-05
36057,7.3728e-05
36088,2.9696e-05
36124,7.6544e-05
36135,0.001209088
36339,8.8576e-05
36343,2.56e-07
36357,0.000506368
36410,0.000118784
36434,0.001175808
36509,0.000102656
36515,0.000169728
36530,0.000146944
36625,0.0
36636,5.2736e-05
36654,6.6304e-05
36675,8.448e-06
36695,1.4336e-05
36743,1.3312e-05
36805,0.000149504
36887,2.3296e-05
36921,5.5552e-05
36938,0.00109824
36964,0.000511488
37002,0.000906496
37072,6.8864e-05
37079,5.2224e-05
37139,0.000318976
37146,0.00065536
37172,0.001632768
37221,5.12e-07
37225,4.6848e-05
37303,4.864e-06
37314,0.000317952
37346,2.304e-06
37404,1.5872e-05
37462,0.000193792
37490,6.784e-05
37546,7.6288e-05
37557,0.000698112
37615,4.0704e-05
37624,1.3568e-05
37647,8.96e-06
37659,0.000797952
37673,0.002234624
37745,4.4032e-05
37751,4.992e-05
37809,9.6256e-05
37832,1.4848e-05
37858,6.9632e-05
37881,3.328e-05
37897,1.4592e-05
37913,0.000635648
37940,0.002164736
37964,0.000978432
38048,3.7376e-05
38094,1.28e-05
38105,1.792e-05
38133,0.00145792
38157,0.000394752
38195,3.584e-05
38223,0.001174016
38293,5.0944e-05
38315,2.56e-06
38385,0.000532224
38448,5.0944e-05
38559,3.1232e-05
38580,0.000197632
38619,2.816e-06
38629,3.4304e-05
38731,0.002383872
38761,0.00445056
38809,1.6128e-05
38825,2.56e-07
38894,4.864e-06
38905,6.6816e-05
38918,7.5008e-05
38923,0.002528768
38978,3.6864e-05
39015,9.6e-05
39044,0.000509184
39139,0.004253184
39195,0.000251392
39207,0.00027008
39248,0.000127488
39275,2.7904e-05
39306,4.4544e-05
39335,7.3728e-05
39345,5.8368e-05
39360,6.5792e-05
39363,0.002150144
39432,3.2512e-05
39460,2.2784e-05
39543,3.0464e-05
39560,0.00022016
39627,0.000242176
39655,1.536e-06
39659,0.000631552
39714,3.456e-05
39748,0.000246016
39760,9.0624e-05
39790,0.00015104
39846,4.608e-06
39888,5.1456e-05
39909,4.992e-05
39910,0.000150784
39955,9.1648e-05
39969,0.000553984
40052,0.000103936
40064,0.000182528
40139,0.000636416
40183,7.4752e-05
40186,0.000164352
40248,2.0736e-05
40260,6.9376e-05
40289,0.000104704
40307,1.536e-06
40316,5.6064e-05
40357,4.608e-05
40367,2.3552e-05
40372,1.7664e-05
40381,0.000898048
40414,0.00025344
40428,0.00036224
40494,9.4464e-05
40505,2.4832e-05
40530,0.001728
40615,7.68e-06
40673,2.2528e-05
40676,5.632e-06
40681,3.9424e-05
40707,0.00010112
40725,0.001403392
40735,0.000300288
40815,2.816e-05
40876,2.2784e-05
40909,0.001107456
40935,0.002229504
40942,0.0008704
41011,7.2448e-05
41020,9.2672e-05
41093,6.3744e-05
41150,7.1168e-05
41156,0.000217856
41161,0.00112896
41212,5.6832e-05
41248,1.28e-06
41252,0.001075968
41271,0.000504576
41358,3.072e-06
41395,6.0416e-05
41407,0.000638976
41439,5.2992e-05
41456,0.000110848
41466,0.000206336
41595,1.8176e-05
41613,1.28e-05
41642,1.7408e-05
41643,6.656e-06
41651,0.001417984
41718,9.1136e-05
41746,0.000132352
41758,5.888e-06
41800,0.001896192
41845,4.48e-05
41890,3.2512e-05
41897,0.00020608
41907,0.000151296
41970,5.504e-05
42011,3.6608e-05
42067,4.5824e-05
42101,6.4256e-05
42170,1.2032e-05
42172,0.000295424
42218,5.0688e-05
42231,3.7376e-05
42263,2.1248e-05
42264,0.000288
42303,0.000157184
42359,0.0005568
42410,1.7664e-05
42425,0.000152576
42462,0.000379904
42478,0.002534656
42592,2.8672e-05
42599,1.792e-05
42679,2.944e-05
42707,3.3536e-05
42754,5.632e-06
42756,1.7408e-05
42833,8.96e-06
42849,2.8928e-05
42877,5.0944e-05
42886,0.001008896
42911,0.000286976
42958,0.000878848
42995,0.001445888
43037,0.000116736
43202,0.000466432
43236,0.000121344
43378,0.000178944
43440,9.984e-06
43461,0.000119808
43520,5.9392e-05
43533,5.376e-06
43564,0.000321536
43603,2.2784e-05
43610,0.000471552
43669,5.0944e-05
43715,2.4064e-05
43728,1.3568e-05
43735,5.632e-06
43758,2.048e-06
43782,6.144e-05
43786,1.9712e-05
43849,7.68e-05
43854,0.000472832
43872,0.000120832
43921,6.0928e-05
43931,7.5776e-05
43951,2.0736e-05
43992,1.2544e-05
44018,1.9968e-05
44108,5.632e-06
44128,5.9136e-05
44165,0.000921344
44202,7.7824e-05
44245,4.1472e-05
44248,1.024e-06
44277,1.7152e-05
44325,3.584e-05
44351,5.4272e-05
44358,1.3312e-05
44365,0.000292608
44388,0.000111872
44412,2.0736e-05
44460,6.144e-06
44483,0.0001728
44526,9.3184e-05
44563,1.792e-06
44596,0.0004736
44612,0.00123264
44669,1.3568e-05
44700,2.6624e-05
44732,3.0464e-05
44733,0.000575232
44769,0.001110528
44838,0.000226048
44855,0.00012544
44935,2.5088e-05
44942,8.2944e-05
44955,8.704e-05
44989,3.84e-06
45001,0.00018304
45083,0.000228096
45088,0.000437504
45125,0.000872704
45181,2.4832e-05
45187,1.0496e-05
45211,7.424e-05
45255,6.656e-06
45367,3.5328e-05
45368,8.448e-05
45398,1.28e-05
45485,0.000427264
45497,0.000671232
45587,4.736e-05
45646,6.5024e-05
45708,6.1952e-05
45755,3.1232e-05
45778,4.608e-05
45795,4.1472e-05
45815,0.001797888
45845,0.000547584
45864,2.2528e-05
45906,6.144e-06
45963,0.001093888
46014,3.2256e-05
46032,1.2032e-05
46148,6.5792e-05
46227,8.7296e-05
46247,7.2448e-05
46267,3.3536e-05
46301,0.000427008
46366,2.4576e-05
46373,7.1168e-05
46403,0.000242944
46412,0.000485888
46443,0.00026624
46446,0.000536576
46470,0.000443136
46519,7.3472e-05
46557,3.4048e-05
46562,0.00027648
46587,0.000602368
46656,6.656e-06
46697,1.536e-06
46729,1.9712e-05
46743,2.9696e-05
46745,0.00089344
46805,3.328e-06
46869,7.68e-06
46892,4.5056e-05
46911,1.4336e-05
46998,9.6256e-05
47010,3.8656e-05
47063,3.8144e-05
47065,0.000105984
47107,0.000103424
47136,0.000409088
47170,0.000326144
47231,4.5824e-05
47248,9.472e-06
47296,6.016e-05
47304,3.8144e-05
47316,0.001504
47407,2.56e-05
47429,3.328e-05
47437,4.9664e-05
47500,3.84e-05
47551,5.888e-06
47578,0.001354752
47602,0.000168448
47610,0.000342528
47637,2.2784e-05
47652,4.7616e-05
47669,8.1664e-05
47694,1.28e-05
47698,5.8112e-05
47714,0.000137728
47728,1.9712e-05
47750,6.8608e-05
47763,0.000382464
47815,0.00047232
47826,0.001798656
47894,1.0752e-05
47908,0.000177152
47968,4.1984e-05
47972,0.000103424
48003,3.4048e-05
48028,7.6544e-05
48050,5.4528e-05
48087,5.3504e-05
48108,7.68e-05
48141,2.56e-05
48153,0.000171008
48238,1.792e-05
48248,8.5248e-05
48274,2.4832e-05
48308,7.4752e-05
48348,0.00066304
48351,0.001104128
48379,0.000615936
48444,1.4592e-05
48480,6.4e-05
48489,9.1136e-05
48508,4.608e-06
48520,8.8576e-05
48554,2.0736e-05
48666,1.7152e-05
48670,0.000109568
48717,1.5104e-05
48726,3.0208e-05
48793,6.7072e-05
48857,6.7328e-05
48896,5.0432e-05
48909,0.000107008
48942,8.2944e-05
48956,4.4544e-05
48964,0.000228096
49007,6.784e-05
49028,3.5584e-05
49067,2.7648e-05
49080,0.000366848
49085,0.001430272
49152,4.4032e-05
49160,2.9696e-05
49231,8.32e-05
49273,1.92e-05
49295,1.4848e-05
49334,0.00111488
49368,5.376e-06
49393,0.000120064
49407,2.6624e-05
49428,3.072e-06
49494,6.2464e-05
49559,0.001055488
49616,0.001774336
49678,1.4336e-05
49695,8.6016e-05
49735,5.888e-05
49736,3.84e-06
49749,0.000396288
49750,0.001178368
49833,2.432e-05
49879,2.8672e-05
49905,7.1168e-05
49944,2.7392e-05
49973,2.56e-07
49980,0.002591232
50033,4.352e-06
50048,6.3488e-05
50050,0.0008192
50063,0.000870656
50111,9.7024e-05
50154,8.704e-06
50158,0.001003008
50167,0.000783872
50217,2.5344e-05
50237,5.12e-06
50250,7.1424e-05
50269,2.816e-06
50317,2.176e-05
50321,3.5328e-05
50391,2.5856e-05
50494,5.2736e-05
50531,0.000366336
50570,7.936e-06
50599,0.000116736
50642,0.000442368
50662,0.000487168
50728,3.4304e-05
50773,3.2512e-05
50795,1.024e-06
50814,0.000484352
50838,7.424e-05
50885,0.00027264
50924,0.000334848
50939,0.002401536
50977,4.352e-05
51007,9.472e-05
51027,0.000187904
51057,0.000185856
51067,0.00030336
51077,0.000369664
51091,0.00042496
51107,2.2016e-05
51117,5.376e-05
51127,0.000138752
51147,1.0496e-05
51167,0.00036992
51187,0.000378112
51197,0.0007232
51219,0.000781312
51257,0.000481024
51277,0.000502528
51307,0.000100608
51317,0.000579328
51327,0.000369408
51347,0.000654336
51357,0.00036352
51417,0.00118144
51437,9.1904e-05
51499,3.2e-05
51504,0.000896768
51587,4.0192e-05
51604,7.4496e-05
51616,2.1504e-05
51645,2.56e-05
51658,1.1776e-05
51696,7.936e-06
51731,0.000693504
51867,5.9136e-05
51888,0.000104704
51946,2.4832e-05
51961,2.816e-06
51964,0.000796928
51987,9.984e-06
52033,3.968e-05
52055,0.000176384
52060,0.000637184
52164,0.000126976
52179,3.84e-06
52203,0.000701952
52233,4.096e-06
52260,0.000273152
52340,0.000338176
52402,4.1216e-05
52445,1.792e-06
52453,0.000523776
52458,8.2944e-05
52498,0.001065216
52546,1.3312e-05
52560,0.0001408
52576,0.00029184
52627,0.000190464
52682,2.9696e-05
52692,1.4592e-05
52716,4.608e-06
52744,5.4272e-05
52798,4.6336e-05
52818,5.0176e-05
52822,0.001031936
52865,0.000111104
52896,0.00106752
52937,2.944e-05
52952,6.2208e-05
52995,2.4064e-05
53087,2.56e-07
53127,3.6096e-05
53145,0.0023104
53177,0.000651264
53213,0.000285696
53240,0.000155392
53319,5.12e-07
53348,1.5104e-05
53365,0.001396992
53445,8.448e-06
53458,4.2752e-05
53473,4.5824e-05
53511,8.704e-06
53548,5.2992e-05
53599,1.152e-05
53605,3.3024e-05
53641,3.3024e-05
53649,0.000256
53672,0.000944896
53756,4.992e-05
53759,0.001521152
53799,3.6352e-05
53803,0.000516608
53832,0.000255488
53868,1.024e-06
53888,0.001780992
53918,0.000221952
54000,0.000727296
54038,5.9136e-05
54056,9.2416e-05
54115,0.00054144
54138,1.152e-05
54167,0.000609024
54180,0.000115456
54222,8.192e-06
54231,5.9136e-05
54244,1.9456e-05
54284,8.96e-06
54301,1.9968e-05
54309,4.5568e-05
54330,1.9712e-05
54362,0.00011904
54392,0.000858368
54414,9.7024e-05
54443,0.00023168
54470,4.4288e-05
54492,0.000199936
54508,0.00045824
54560,1.92e-05
54583,5.3248e-05
54615,3.1232e-05
54637,1.9456e-05
54712,1.6896e-05
54739,2.56e-06
54751,6.2464e-05
54868,3.6608e-05
54871,0.000377856
54907,4.992e-05
54922,0.00086016
54960,0.000100352
54991,0.000933888
55035,0.000923136
55051,2.4064e-05
55111,0.000137216
55131,1.6128e-05
55141,8.5248e-05
55151,4.3776e-05
55191,9.7792e-05
55211,0.00027648
55231,1.3568e-05
55251,3.1488e-05
55261,0.000138752
55271,0.000103168
55281,6.016e-05
55311,0.000129024
55321,2.9696e-05
55331,0.000200448
55361,0.00013312
55381,2.9184e-05
55421,4.7872e-05
55431,0.000194816
55441,5.2992e-05
55451,0.000385536
55471,0.000356096
55491,0.000291072
55501,5.12e-05
55521,0.000333824
55531,2.1504e-05
55541,0.000159488
55561,4.1472e-05
55565,0.000134912
55581,0.000238848
55611,0.000458752
55631,0.00118144
55651,9.216e-05
55671,2.0992e-05
55681,0.00049536
55701,0.001244928
55711,4.1984e-05
55741,0.000835072
55761,8.96e-06
55781,0.000317184
55791,0.000702976
55833,0.000335872
55893,4.0448e-05
55917,2.816e-06
55957,3.1232e-05
55977,2.7904e-05
56046,1.3312e-05
56049,3.84e-05
56080,7.68e-06
56094,0.00011776
56120,1.8176e-05
56139,3.8912e-05
56145,0.00020864
56151,0.000410368
56230,2.3808e-05
56249,1.792e-06
56274,6.784e-05
56304,0.000176896
56378,5.376e-05
56382,0.000166912
56430,0.000105728
56477,4.1472e-05
56494,1.1776e-05
56536,0.000143104
56539,0.000211968
56562,6.528e-05
56587,0.000616704
56618,0.000202496
56667,3.712e-05
56684,0.003942656
56745,0.00118144
56758,0.00089472
56795,0.000291584
56829,0.001291008
56850,1.4848e-05
56867,5.12e-07
56898,4.0192e-05
56913,2.5344e-05
56977,0.00173824
56982,0.000880896
57003,0.000283392
57067,3.84e-05
57073,0.000234752
57120,0.000104448
57235,2.7904e-05
57260,7.4496e-05
57294,0.000421888
57315,5.0688e-05
57328,2.8672e-05
57346,4.8128e-05
57355,0.001167104
57357,0.000694528
57462,2.176e-05
57476,4.992e-05
57522,1.2288e-05
57537,0.000277504
57588,5.12e-05
57677,4.9664e-05
57741,0.000127744
57766,2.2016e-05
57806,1.8944e-05
57873,0.000254464
57900,4.3264e-05
57929,4.5312e-05
57943,6.9888e-05
58015,9.728e-06
58040,3.584e-06
58062,8.3712e-05
58073,0.000205312
58137,6.2464e-05
58178,2.2272e-05
58188,0.00035328
58208,4.1728e-05
58290,1.408e-05
58299,4.0448e-05
58334,1.2544e-05
58407,2.5344e-05
58421,3.5584e-05
58441,1.9456e-05
58476,4.0448e-05
58524,2.2528e-05
58546,2.5344e-05
58548,0.000617984
58607,1.8688e-05
58625,1.3568e-05
58631,0.000733696
58679,6.3744e-05
58728,0.000360704
58785,3.584e-05
58787,6.0672e-05
58825,6.4256e-05
58842,0.000243456
58875,9.216e-06
58893,0.000132608
58931,1.9712e-05
58965,0.000659968
58991,0.000608
59021,0.000246272
59079,4.9408e-05
59087,0.000135168
59097,0.000178176
59128,2.048e-05
59142,5.1456e-05
59165,0.000118016
59175,4.4288e-05
59194,0.001675776
59248,3.4048e-05
59319,1.1008e-05
59358,2.3552e-05
59378,2.6624e-05
59389,8.448e-06
59450,0.000216064
59511,2.3296e-05
59522,2.1248e-05
59631,5.9648e-05
59641,1.1008e-05
59668,3.072e-05
59685,0.00015488
59711,0.000251904
59756,0.000292352
59758,0.00063104
59769,0.000494848
59838,4.0704e-05
59919,2.6624e-05
59931,3.072e-05
59967,6.5024e-05
59994,1.8944e-05
60005,3.712e-05
60010,3.584e-06
60056,4.992e-05
60108,0.000531968
60128,1.792e-06
60173,1.8944e-05
60188,6.4e-06
60195,2.56e-06
60211,3.2e-05
60260,5.9136e-05
60295,5.9136e-05
60329,6.3232e-05
60355,2.688e-05
60364,0.000295168
60366,7.936e-06
60412,1.4848e-05
60441,4.352e-06
60455,0.000143616
60456,0.000300544
60647,1.0496e-05
60667,1.8176e-05
60671,5.4016e-05
60683,0.00025728
60695,1.9456e-05
60776,4.9408e-05
60799,9.216e-05
60810,9.216e-06
60812,7.4496e-05
60869,0.000417792
60923,9.728e-06
60926,0.00044928
60956,1.4592e-05
60964,0.0004544
61008,0.000312832
61041,2.56e-06
61045,0.000173568
61066,0.000887552
61114,4.608e-06
61166,1.024e-06
61175,2.816e-06
61177,1.3312e-05
61179,0.000630272
61239,0.000109312
61291,0.000378624
61360,7.7056e-05
61399,2.816e-06
61447,1.8432e-05
61459,3.7376e-05
61481,0.0002048
61559,7.1424e-05
61587,3.6352e-05
61629,1.8176e-05
61656,9.728e-06
61664,0.00082048
61682,0.000649728
61695,0.000341248
61779,0.000290816
61806,3.0464e-05
61822,0.003218176
61906,5.632e-05
61937,2.1504e-05
61945,2.2784e-05
61984,4.608e-05
62007,8.2688e-05
62085,4.864e-05
62088,8.704e-05
62135,4.1984e-05
62137,0.000562176
62158,0.000128256
62173,0.00044928
62229,1.7408e-05
62272,5.888e-05
62276,0.000222976
62306,0.000116992
62349,3.456e-05
62398,3.7888e-05
62430,0.001780224
62493,0.000301824
62505,0.002821888
62558,0.000465664
62617,3.0464e-05
62657,0.00019328
62705,0.000236544
62756,9.3696e-05
62757,0.000102144
62799,3.1488e-05
62837,7.9872e-05
62860,0.00028416
62918,4.6592e-05
62935,3.712e-05
62949,7.5776e-05
62954,5.5296e-05
63012,8.448e-06
63022,5.632e-06
63049,3.7376e-05
63073,0.002842624
63135,1.536e-05
63172,2.2016e-05
63190,1.4336e-05
63275,1.6384e-05
63310,3.072e-06
63360,0.000706816
63365,0.008084224
63520,0.000698112
63532,0.000319744
63576,0.000163072
63643,6.144e-06
63684,9.2928e-05
63715,6.3232e-05
63770,0.0003264
63805,6.8608e-05
63857,5.6064e-05
63911,3.712e-05
63919,1.6896e-05
63961,5.76e-05
63965,0.00116864
64021,0.000430336
64102,0.000242176
64189,8.7552e-05
64232,0.000126464
64252,8.704e-06
64254,0.000972544
64325,9.472e-06
64355,3.9168e-05
64377,2.0736e-05
64430,8.6784e-05
64473,0.00017024
64483,0.000946944
64531,0.000754176
64569,8.1408e-05
64621,0.000539904
64663,0.000756736
64713,1.4848e-05
64754,0.000361728
64807,1.6384e-05
64828,6.2464e-05
64869,7.1424e-05
64895,4.1728e-05
64948,7.68e-07
64975,5.248e-05
64986,0.000850944
65009,2.304e-05
65065,5.2224e-05
65075,5.248e-05
65122,6.144e-06
65143,6.912e-05
65149,0.000508672
65159,0.001439232
65203,8.448e-06
65227,6.144e-06
65236,0.000113664
65285,2.56e-05
65408,5.504e-05
65462,2.6112e-05
65489,4.0704e-05
65494,9.728e-05
65655,3.5584e-05
65746,5.5552e-05
65794,0.00011392
65819,2.5088e-05
65859,3.0464e-05
65864,0.001302528
65990,0.00049024
65999,0.000441856
66040,7.424e-06
66061,5.5296e-05
66126,0.001181952
66205,0.000239616
66211,0.00144384
66255,1.152e-05
66258,0.00011008
66285,8.9856e-05
66345,0.000533504
66361,3.1488e-05
66379,0.003501056
66434,1.152e-05
66475,0.000202496
66533,3.2256e-05
66587,0.000337408
66612,0.00031104
66631,0.001845504
66721,5.632e-06
66778,0.000120832
66844,2.6624e-05
66883,3.3792e-05
66909,1.792e-06
66946,6.656e-06
66949,1.4592e-05
66979,3.84e-06
67027,0.000160768
67041,2.4576e-05
67087,0.000603392
67128,1.8176e-05
67139,0.00021888
67168,3.328e-06
67220,3.2256e-05
67229,0.00112384
67236,0.000158464
67238,0.00205696
67285,2.0992e-05
67294,0.000928768
67345,8.448e-05
67393,3.584e-06
67419,8.832e-05
67541,2.56e-07
67595,3.0464e-05
67681,0.00041088
67713,0.000711424
67751,3.072e-06
67769,2.816e-05
67805,4.3264e-05
67844,1.536e-05
67864,0.000153088
67895,5.0688e-05
67941,0.000348416
67969,4.9152e-05
68021,9.3952e-05
68031,0.000196608
68073,1.7664e-05
68082,1.2032e-05
68125,1.3056e-05
68156,0.001577216
68213,2.304e-06
68243,1.8432e-05
68250,0.00058368
68378,1.7664e-05
68405,4.4032e-05
68469,0.000593664
68519,0.000135168
68528,0.000697856
68567,2.816e-06
68578,0.001225216
68591,0.00059648
68644,9.984e-06
68649,0.000335616
68681,0.00019072
68715,0.000647424
68771,2.9952e-05
68807,1.6896e-05
68808,6.8352e-05
68835,4.864e-06
68846,2.6112e-05
68857,9.7536e-05
68864,0.00022144
68916,2.2272e-05
69022,3.5584e-05
69049,5.4784e-05
69052,0.000441856
69096,3.328e-05
69160,4.4288e-05
69195,4.864e-06
69217,0.000188416
69248,2.4832e-05
69252,0.001283072
69264,0.000216576
69308,0.00027008
69333,0.000263168
69472,3.328e-06
69495,2.3296e-05
69514,2.048e-06
69520,5.888e-06
69547,4.0704e-05
69646,6.4e-05
69657,3.712e-05
69678,0.000450816
69722,0.000667904
69783,3.1488e-05
69822,0.000271872
69843,1.8176e-05
69845,6.912e-06
69848,0.000306944
69958,2.048e-05
69959,0.000386304
70030,2.5344e-05
70067,3.584e-06
70074,0.0001536
70097,5.76e-05
70150,4.1984e-05
70177,2.3552e-05
70230,0.0001344
70334,8.2688e-05
70340,7.8592e-05
70352,7.1424e-05
70452,2.4832e-05
70455,1.7408e-05
70532,2.8416e-05
70557,0.000205056
70564,0.000491264
70645,1.2288e-05
70707,0.000139008
70750,3.584e-06
70764,1.9968e-05
70784,7.5264e-05
70810,0.000105472
70857,7.1424e-05
70893,0.00065152
70963,0.00027648
71074,2.816e-06
71100,8.0128e-05
71146,0.001013504
71191,9.7024e-05
71223,1.0752e-05
71337,0.00013568
71390,1.8432e-05
71431,8.704e-06
71461,2.5088e-05
71493,2.9696e-05
71540,2.8928e-05
71546,6.8864e-05
71633,4.5568e-05
71677,8.192e-05
71762,1.1008e-05
71766,0.000103936
71825,9.3184e-05
71885,9.6512e-05
71960,6.6816e-05
72009,4.096e-05
72085,0.000481792
72167,4.2496e-05
72338,5.1968e-05
72358,1.8432e-05
72359,3.0208e-05
72368,1.4592e-05
72385,3.4304e-05
72407,2.0224e-05
72495,9.856e-05
72545,0.000414464
72572,6.3744e-05
72594,2.8928e-05
72611,2.8928e-05
72636,7.168e-06
72691,2.56e-06
72759,1.6384e-05
72846,2.432e-05
72859,2.4832e-05
72902,8.7552e-05
72906,4.736e-05
72959,3.7376e-05
72963,4.9152e-05
73078,1.8944e-05
73082,1.6128e-05
73109,0.000128256
73187,1.2288e-05
73251,4.992e-05
73286,2.9696e-05
73320,5.6832e-05
73369,3.584e-06
73386,1.2032e-05
73456,0.000170752
73502,2.7136e-05
73515,0.000132608
73561,7.2448e-05
73619,2.944e-05
73648,1.3568e-05
73678,1.2032e-05
73715,5.6576e-05
73757,7.0144e-05
73807,5.9904e-05
73879,3.6608e-05
73887,7.168e-06
73904,2.3808e-05
73947,2.5344e-05
73996,5.2736e-05
74005,4.1984e-05
74117,4.48e-05
74164,1.408e-05
74253,9.728e-06
74359,7.68e-07
74399,0.000242176
74447,5.12e-06
74605,2.0224e-05
74641,4.352e-06
74673,6.0928e-05
74695,4.9664e-05
74745,5.0432e-05
74791,9.7792e-05
74822,1.8432e-05
74907,4.5056e-05
74999,5.1712e-05
75025,2.5344e-05
75057,1.9968e-05
75142,5.12e-06
75185,0.000237568
75251,4.7104e-05
75271,3.968e-05
75291,9.728e-06
75310,8.192e-06
75356,0.000237056
75429,3.328e-06
75500,3.6608e-05
75517,0.00010112
75572,3.84e-06
75613,2.3296e-05
75640,5.2736e-05
75698,6.5792e-05
75701,1.2032e-05
75774,1.4336e-05
75821,4.4288e-05
75871,0.00070144
75895,4.8384e-05
75921,6.1696e-05
75961,3.0464e-05
76024,3.2768e-05
76060,1.152e-05
76083,0.000724992
76114,1.5616e-05
76237,2.8672e-05
76288,1.664e-05
76298,4.1472e-05
76375,1.3312e-05
76455,8.704e-06
76500,7.04e-05
76545,4.608e-06
76546,9.1392e-05
76566,0.00012672
76570,5.4016e-05
76667,8.192e-06
76679,2.304e-05
76690,1.1008e-05
76836,4.7104e-05
76891,6.6816e-05
76923,4.8128e-05
76999,1.024e-05
77022,3.0464e-05
77098,0.000105728
77155,0.000261376
77173,3.072e-06
77182,0.000207872
77305,0.000218624
77329,4.5824e-05
77398,7.8848e-05
77408,0.000122368
77467,1.536e-05
77557,1.024e-06
77581,1.9712e-05
77621,3.0464e-05
77709,3.0208e-05
77758,4.608e-06
77791,2.9952e-05
77861,1.024e-06
77892,1.2032e-05
77945,1.7152e-05
77980,6.4768e-05
78002,0.000104448
78029,2.4576e-05
78132,3.328e-06
78157,6.2464e-05
78201,1.3568e-05
78236,4.5312e-05
78267,0.000224
78301,0.000201984
78325,3.7632e-05
78351,5.8112e-05
78367,1.2288e-05
78453,2.4576e-05
78563,1.2032e-05
78596,4.864e-05
78608,4.9408e-05
78618,4.352e-06
78651,6.2976e-05
78670,6.912e-06
78723,6.7328e-05
78759,8.192e-06
78783,6.656e-06
78793,1.2288e-05
78846,8.704e-06
78957,7.936e-06
78959,4.5056e-05
78966,0.00030208
79005,4.5824e-05
79175,1.664e-05
79243,8.8064e-05
79278,1.408e-05
79294,2.5344e-05
79315,5.504e-05
79361,9.728e-06
79419,1.6384e-05
79427,8.832e-05
79486,3.072e-05
79546,0.000280064
79595,4.992e-05
79656,0.000299264
79714,2.9184e-05
79748,7.424e-06
79758,9.728e-06
79822,2.5344e-05
79891,0.000106752
79960,5.888e-06
80060,2.944e-05
80071,1.4592e-05
80121,8.4736e-05
80145,2.56e-06
80146,9.4976e-05
80215,1.792e-06
80371,1.2288e-05
80439,5.376e-06
80457,0.000179456
80494,1.152e-05
80505,5.3504e-05
80553,8.5504e-05
80637,3.8656e-05
80715,4.864e-06
80760,2.2528e-05
80763,5.632e-06
80778,2.5344e-05
80866,8.8832e-05
80990,2.0992e-05
81003,7.936e-06
81139,5.76e-05
81168,4.2752e-05
81246,5.5552e-05
81288,3.1744e-05
81307,3.584e-06
81311,0.000115712
81350,9.472e-06
81364,3.6608e-05
81478,2.3296e-05
81486,1.9712e-05
81527,4.864e-06
81552,8.9088e-05
81605,0.000126208
81627,0.000233472
81676,2.6368e-05
81682,8.1408e-05
81775,0.00010496
81812,1.28e-06
81829,0.000184832
81852,7.68e-05
81890,1.0752e-05
81912,2.9952e-05
81960,0.000884224
82020,7.808e-05
82093,0.000103936
82127,0.000137984
82182,2.9184e-05
82233,2.6368e-05
82393,4.3264e-05
82565,6.5536e-05
82645,3.9168e-05
82677,1.8432e-05
82787,2.048e-06
82858,7.5264e-05
82887,4.4288e-05
82900,4.48e-05
82939,7.424e-06
83033,0.000686592
83091,7.68e-07
83138,2.9184e-05
83166,0.000286976
83196,2.0224e-05
83344,8.96e-06
83388,3.072e-05
83518,4.3776e-05
83543,2.0224e-05
83559,1.28e-05
83560,2.7136e-05
83596,3.712e-05
83659,0.00012416
83692,9.3184e-05
83693,2.9952e-05
83745,2.048e-06
83757,1.7152e-05
83758,9.1392e-05
83795,8.7808e-05
83816,2.9696e-05
83856,6.6048e-05
83893,2.6624e-05
83914,2.2784e-05
83931,6.528e-05
83973,5.12e-06
84024,3.7888e-05
84051,0.00017152
84183,5.4784e-05
84226,2.3296e-05
84308,7.1424e-05
84340,1.8944e-05
84356,0.000211712
84476,1.792e-06
84495,2.6624e-05
84536,0.000222464
84611,3.5328e-05
84655,3.84e-06
84797,5.5296e-05
84848,3.456e-05
84862,3.6096e-05
84918,7.2448e-05
84946,5.6576e-05
84958,9.984e-06
84973,2.1248e-05
85085,2.048e-06
85101,3.8656e-05
85205,6.5792e-05
85341,3.7888e-05
85412,4.0704e-05
85493,3.9424e-05
85538,2.2272e-05
85566,0.000529664
85633,9.2416e-05
85667,8.832e-05
85699,3.2768e-05
85719,5.12e-07
85738,9.1136e-05
85806,4.1728e-05
85823,4.4032e-05
85868,3.0976e-05
85886,3.3024e-05
85902,4.1984e-05
85979,2.176e-05
86001,4.352e-06
86009,2.304e-05
86130,5.12e-07
86147,2.9952e-05
86156,0.00461824
86218,3.9168e-05
86259,2.8416e-05
86278,3.9936e-05
86334,1.4336e-05
86395,1.7664e-05
86404,0.000684032
86491,1.5872e-05
86495,1.664e-05
86529,2.1504e-05
86540,6.2976e-05
86588,7.68e-07
86607,3.072e-06
86637,5.12e-07
86648,0.000124416
86671,2.5088e-05
86674,1.6384e-05
86705,3.4816e-05
86721,2.56e-07
86734,6.6048e-05
86755,2.56e-06
86759,0.000472576
86760,0.000405248
86857,2.688e-05
86979,1.3056e-05
86990,2.1504e-05
87037,3.072e-06
87051,3.8912e-05
87113,3.4048e-05
87127,6.912e-05
87170,1.5616e-05
87185,0.00016768
87217,1.3312e-05
87252,5.12e-07
87267,3.8144e-05
87279,1.152e-05
87306,2.2784e-05
87326,3.8656e-05
87399,7.5264e-05
87465,1.3568e-05
87482,3.6352e-05
87500,1.8944e-05
87520,7.68e-07
87556,0.000166656
87600,1.024e-06
87605,2.8928e-05
87652,2.816e-06
87688,2.176e-05
87703,1.792e-05
87735,7.2448e-05
87804,1.792e-05
87835,3.1488e-05
87880,1.9968e-05
87903,4.1472e-05
87957,0.000104704
88083,2.048e-06
88089,7.7056e-05
88129,4.608e-06
88167,5.12e-06
88199,2.2528e-05
88238,0.00083968
88301,5.76e-05
88327,7.8592e-05
88369,6.144e-06
88395,0.00011136
88435,2.0224e-05
88455,5.5808e-05
88522,1.7408e-05
88558,5.888e-06
88608,1.8944e-05
88621,1.8688e-05
88655,2.5856e-05
88758,0.000151296
88818,2.8416e-05
88845,1.1776e-05
88977,1.0496e-05
89027,1.7152e-05
89072,7.04e-05
89102,2.7904e-05
89133,2.3552e-05
89162,2.2528e-05
89200,1.2032e-05
89209,0.000398592
89253,2.6368e-05
89281,0.000114176
89319,2.56e-07
89497,4.864e-06
89519,2.9184e-05
89581,4.2496e-05
89649,0.000111616
89737,2.816e-06
89745,0.000150016
89756,0.000118272
89766,7.1424e-05
89779,9.7024e-05
89784,0.001239552
89869,8.6272e-05
90217,3.3792e-05
90247,1.1264e-05
90266,2.9184e-05
90311,6.4256e-05
90336,1.408e-05
90345,4.4032e-05
90353,5.12e-06
90359,0.00506368
90441,4.9664e-05
90463,9.5488e-05
90504,1.536e-06
90556,9.472e-06
90595,0.001215488
90644,5.1712e-05
90683,3.6864e-05
90716,1.0496e-05
90759,0.000150784
90786,5.376e-06
90803,0.000628224
90850,4.4288e-05
90962,7.3728e-05
90987,8.6016e-05
91013,0.0002176
91027,9.472e-06
91155,6.7584e-05
91166,4.864e-06
91243,4.2496e-05
91282,0.000159232
91432,1.4592e-05
91441,0.000142592
91545,0.000628224
91573,0.000318208
91625,5.632e-06
91646,1.7664e-05
91662,7.424e-06
91675,8.6528e-05
91707,3.0208e-05
91728,0.0
91795,6.144e-06
91813,3.6864e-05
91892,1.1264e-05
92013,9.472e-06
92023,0.000134656
92087,1.792e-06
92125,1.5616e-05
92146,0.00146176
92162,0.0001216
92248,2.5088e-05
92261,0.000816384
92336,6.8608e-05
92357,5.888e-06
92407,1.28e-05
92423,0.000164352
92469,0.000160768
92503,1.1776e-05
92516,6.272e-05
92667,6.0416e-05
92674,0.000332288
92701,0.000170496
92746,6.656e-06
92755,0.000637184
92810,3.0208e-05
92860,9.728e-06
92886,0.000189696
92921,2.3296e-05
92996,3.712e-05
93019,0.000225024
93039,1.1264e-05
93056,1.0496e-05
93073,1.2288e-05
93087,6.5792e-05
93143,4.096e-06
93207,2.816e-06
93222,5.4784e-05
93250,9.1904e-05
93269,9.4208e-05
93288,0.000240128
93332,3.1744e-05
93359,0.002193152
93365,0.009012992
93400,9.2672e-05
93405,6.8608e-05
93441,0.000177152
93453,0.000697344
93469,0.000388352
93478,0.000358144
93486,0.00023424
93624,2.688e-05
93648,4.096e-05
93655,7.68e-07
93707,5.5808e-05
93742,1.4336e-05
93752,2.4832e-05
93871,2.7648e-05
93880,7.168e-06
93946,0.00213504
94062,6.656e-06
94068,9.728e-06
94069,0.000221696
94110,6.0672e-05
94140,3.7632e-05
94155,1.5616e-05
94156,1.9968e-05
94293,7.7824e-05
94327,0.00020224
94395,3.4048e-05
94406,2.5088e-05
94420,3.2768e-05
94489,3.6608e-05
94507,3.5072e-05
94550,5.12e-07
94552,4.224e-05
94610,3.84e-06
94631,0.000194304
94681,4.096e-06
94718,6.6304e-05
94729,0.000811776
94763,7.68e-06
94803,1.4592e-05
94914,6.144e-06
94929,0.000177408
94976,1.536e-06
95013,1.3824e-05
95093,3.5328e-05
95136,1.792e-05
95196,1.792e-05
95307,2.5344e-05
95375,3.7888e-05
95435,4.864e-06
95499,0.000128512
95600,0.000126464
95641,0.000177152
95687,7.296e-05
95694,2.176e-05
95707,6.2208e-05
95745,3.328e-05
95759,0.006685696
95947,5.5296e-05
96005,1.28e-06
96006,0.00011648
96031,2.3808e-05
96045,1.8944e-05
96065,3.4304e-05
96085,1.5872e-05
96131,0.000163072
96165,2.9184e-05
96215,4.1216e-05
96235,3.2256e-05
96272,1.0496e-05
96287,0.000173056
96320,6.912e-06
96345,4.992e-05
96358,9.856e-05
96360,0.00013952
96421,0.000292096
96465,6.1952e-05
96498,5.8624e-05
96532,9.984e-06
96585,1.92e-05
96607,9.728e-06
96642,7.68e-07
96660,1.5872e-05
96755,4.4288e-05
96788,1.0496e-05
96855,7.68e-07
96908,2.9696e-05
96946,1.0496e-05
96962,2.3552e-05
97008,2.2016e-05
97163,1.7408e-05
97179,2.816e-05
97235,4.6336e-05
97294,5.2224e-05
97453,3.2256e-05
97488,3.9936e-05
97502,1.8944e-05
97521,0.000396544
97546,0.00023296
97558,0.001472256
97750,1.3056e-05
97773,2.0224e-05
97818,0.000103168
97893,7.6288e-05
97909,1.2288e-05
97973,5.632e-05
98005,4.992e-05
98025,2.5344e-05
98046,9.216e-06
98050,0.000127232
98135,9.2416e-05
98163,2.9696e-05
98197,1.3312e-05
98242,1.1776e-05
98274,3.2e-05
98450,4.608e-06
98473,3.84e-05
98529,4.352e-06
98636,9.472e-06
98657,2.304e-06
98677,0.000114944
98751,3.0208e-05
98758,9.1904e-05
98849,1.3312e-05
98863,2.9952e-05
98872,0.000162816
98905,9.216e-06
98957,0.000175872
99034,9.472e-06
99093,1.4592e-05
99255,3.6096e-05
99333,8.96e-06
99357,1.3568e-05
99416,5.632e-06
99439,3.5072e-05
99447,9.6256e-05
99517,1.9712e-05
99578,6.656e-06
99631,9.4976e-05
99655,2.6368e-05
99665,0.000238848
99810,4.224e-05
99867,1.024e-06
99871,2.0224e-05
99946,1.0496e-05
99956,0.000822016
100004,2.4576e-05
100028,0.000259584
100093,5.376e-06
100178,7.68e-07
100212,1.5616e-05
100223,3.3792e-05
100260,2.2016e-05
100295,3.7888e-05
100316,4.4288e-05
100348,1.0496e-05
100545,4.6336e-05
100622,4.352e-06
100738,4.5824e-05
100753,5.9904e-05
100776,2.9184e-05
100794,1.7664e-05
100807,9.5488e-05
100928,4.5824e-05
100961,4.48e-05
100988,2.56e-07
100993,7.0656e-05
101045,3.8144e-05
101110,5.12e-05
101125,4.2496e-05
101153,0.000112384
101163,7.68e-06
101296,0.000205312
101347,9.984e-06
101431,1.792e-05
101476,7.808e-05
101486,3.2256e-05
101507,3.8144e-05
101535,2.7136e-05
101554,2.7392e-05
101575,4.0192e-05
101613,1.3312e-05
101633,2.56e-05
101646,9.472e-06
101688,2.1504e-05
101702,6.1184e-05
101717,2.8416e-05
101735,2.2016e-05
101757,5.376e-06
101766,7.4496e-05
101787,1.664e-05
101793,5.3248e-05
101834,2.176e-05
101874,0.000135936
101933,3.4048e-05
101968,5.12e-06
101979,2.8672e-05
102009,5.12e-07
102034,6.1696e-05
102042,2.56e-07
102082,3.8656e-05
102113,1.8688e-05
102121,5.632e-06
102209,1.28e-05
102221,8.96e-05
102251,2.304e-06
102349,2.432e-05
102362,0.0002176
102365,0.00049664
102427,6.6816e-05
102471,4.7104e-05
102502,2.1504e-05
102512,2.1248e-05
102541,5.9392e-05
102623,8.6784e-05
102696,2.56e-07
102748,1.1008e-05
102809,6.144e-05
102823,2.304e-05
102863,0.000157184
102897,3.8144e-05
102903,6.656e-06
102931,2.5088e-05
102946,1.3568e-05
102965,0.000165632
103035,4.608e-06
103052,1.6384e-05
103075,2.56e-06
103095,1.4848e-05
103129,3.9424e-05
103145,1.536e-05
103183,3.072e-05
103200,5.12e-07
103215,3.84e-06
103277,3.4816e-05
103314,2.8672e-05
103373,8.704e-06
103427,6.0416e-05
103493,0.00010752
103517,5.12e-06
103600,2.688e-05
103619,1.28e-05
103643,0.000116736
103692,0.000191488
103729,1.9968e-05
103747,4.1984e-05
103772,3.584e-06
103798,3.4816e-05
103865,4.864e-05
103966,4.2496e-05
103979,6.912e-06
104068,0.000595456
104117,6.656e-06
104134,2.7648e-05
104206,0.000438272
104239,5.376e-06
104246,1.2032e-05
104277,2.816e-06
104295,0.00023808
104351,0.000100352
104385,1.3056e-05
104476,1.1776e-05
104495,2.304e-06
104513,1.7408e-05
104525,3.0208e-05
104551,1.3056e-05
104612,1.024e-05
104615,4.096e-06
104651,2.3808e-05
104677,2.7136e-05
104683,0.000141056
104739,1.0752e-05
104744,0.000163584
104756,0.000284928
104763,0.002273536
104816,0.000276736
104908,2.2272e-05
104977,3.8144e-05
105051,8.704e-06
105149,1.792e-06
105305,1.5104e-05
105326,4.9152e-05
105369,0.00072576
105393,6.8096e-05
105471,3.2768e-05
105526,6.2976e-05
105625,1.9968e-05
105708,7.168e-06
105719,2.7648e-05
105793,7.936e-06
105804,9.984e-06
105822,2.816e-06
105877,3.072e-05
105915,0.00017152
105941,1.5872e-05
106045,5.2224e-05
106079,7.68e-07
106128,2.6112e-05
106225,1.1264e-05
106284,4.4032e-05
106332,1.3824e-05
106339,6.4512e-05
106365,1.4592e-05
106372,1.664e-05
106389,4.096e-06
106543,2.56e-07
106550,3.84e-06
106556,2.3808e-05
106577,3.328e-05
106652,1.3568e-05
106695,3.4816e-05
106726,7.5264e-05
106777,1.408e-05
106787,2.4064e-05
106813,4.48e-05
106835,1.536e-06
106859,3.0464e-05
106893,3.328e-06
106932,4.8128e-05
106969,2.304e-06
107029,4.2496e-05
107088,2.7392e-05
107131,6.144e-06
107214,1.28e-05
107351,2.176e-05
107356,1.1008e-05
107451,2.56e-07
107464,1.28e-06
107511,9.2672e-05
107524,1.792e-06
107534,2.304e-06
107558,0.000166144
107625,5.376e-06
107638,0.000188416
107660,2.6368e-05
107718,2.2272e-05
107729,3.072e-05
107757,9.728e-06
107774,1.28e-06
107827,2.304e-06
107834,4.6336e-05
107842,1.8432e-05
107869,0.000264192
107911,0.000158976
107940,7.936e-06
107979,5.5808e-05
108019,4.2496e-05
108153,8.96e-06
108191,3.3792e-05
108207,0.000161536
108221,7.68e-07
108257,6.4e-05
108295,9.5232e-05
108318,0.00014336
108339,1.4848e-05
108366,5.12e-06
108370,1.3312e-05
108395,8.704e-05
108400,0.002072576
108467,7.1424e-05
108528,3.0464e-05
108566,3.0464e-05
108665,1.8176e-05
108671,4.7104e-05
108712,2.8416e-05
108724,7.0912e-05
108782,4.352e-06
108920,2.304e-06
108931,3.584e-05
108958,3.0976e-05
108960,7.296e-05
108996,4.6848e-05
109085,0.000410368
109185,6.8608e-05
109220,5.7856e-05
109247,4.9152e-05
109261,0.000577536
109339,9.1392e-05
109426,3.8656e-05
109487,3.072e-06
109519,3.6352e-05
109539,2.6624e-05
109545,3.2512e-05
109558,0.0001408
109560,0.000627968
109687,5.632e-05
109699,2.6624e-05
109781,4.096e-06
109907,0.00010112
110016,1.792e-05
110038,0.000131072
110076,2.432e-05
110161,5.3248e-05
110163,0.00039296
110192,0.001704704
110227,9.984e-06
110251,5.3248e-05
110351,2.5088e-05
110359,0.000142336
110394,2.56e-05
110444,3.9168e-05
110524,0.000122624
110557,8.192e-06
110600,9.472e-06
110613,6.784e-05
110688,2.304e-06
110691,0.000224768
110746,0.000135936
110756,6.656e-05
110761,0.005509376
110792,0.000156928
110868,6.0928e-05
110959,3.2512e-05
111000,4.0704e-05
111045,8.8064e-05
111085,1.2032e-05
111156,2.304e-06
111162,5.632e-06
111207,1.7664e-05
111231,2.9184e-05
111236,5.5808e-05
111260,0.00010368
111265,7.168e-05
111301,1.024e-05
111364,0.000135168
111375,2.304e-05
111444,1.4592e-05
111459,5.0944e-05
111509,3.6864e-05
111525,9.984e-06
111643,4.864e-06
111649,1.2032e-05
111653,1.0496e-05
111660,0.000106752
111734,4.4032e-05
111745,0.000148224
111785,7.552e-05
111804,3.328e-05
111827,0.000146176
111836,3.9168e-05
111869,2.304e-05
111952,3.84e-06
111969,2.432e-05
112206,1.1264e-05
112221,6.4768e-05
112239,4.9664e-05
112328,1.6896e-05
112337,3.584e-06
112375,1.3312e-05
112395,7.936e-06
112468,3.3792e-05
112509,3.2256e-05
112528,2.9952e-05
112543,1.3824e-05
112558,0.00015616
112588,9.984e-06
112608,4.5824e-05
112658,0.000141312
112698,7.5008e-05
112718,0.000126208
112728,0.000492032
112738,0.000155648
112758,0.000311296
112768,9.0624e-05
112788,2.9696e-05
112808,0.000257536
112828,0.000301312
112868,0.000102912
112878,0.000743424
112898,0.000178944
112918,0.000414208
112938,0.000686336
112968,1.8944e-05
112988,0.000544256
113008,0.000361728
113018,9.0112e-05
113048,0.001308672
113068,0.000718592
113108,1.28e-05
113135,9.8816e-05
113161,5.2736e-05
113216,1.6128e-05
113218,1.2288e-05
113272,7.936e-06
113328,7.5264e-05
113349,3.7888e-05
113393,9.4976e-05
113438,4.1984e-05
113494,7.68e-07
113522,1.536e-05
113541,0.000285952
113655,7.68e-07
113671,1.4848e-05
113759,0.000382208
113801,1.28e-05
113808,7.7824e-05
113845,9.2672e-05
113861,8.448e-06
113909,6.1696e-05
113967,3.5328e-05
114007,3.9936e-05
114038,2.5856e-05
114063,7.936e-06
114130,7.424e-06
114174,2.5344e-05
114356,0.00013824
114359,2.56e-05
114419,1.7408e-05
114485,2.3808e-05
114595,4.5056e-05
114694,0.000110592
114758,0.000264448
114865,2.9696e-05
114950,9.9584e-05
114961,0.000162048
115044,9.9072e-05
115075,0.000125696
115095,3.8144e-05
115117,5.3504e-05
115119,0.000172288
115178,1.024e-06
115253,2.0992e-05
115310,4.096e-06
115334,1.0752e-05
115353,0.000290816
115387,4.864e-06
115411,0.000326912
115497,1.536e-06
115559,0.000179712
115587,8.4992e-05
115639,2.6112e-05
115678,2.6368e-05
115713,5.1456e-05
115757,1.28e-06
115855,3.6352e-05
115865,5.6832e-05
115908,4.6336e-05
115991,1.792e-05
116114,0.000152064
116220,3.072e-06
116262,1.92e-05
116336,5.7344e-05
116367,3.0976e-05
116394,8.8064e-05
116427,4.9408e-05
116526,2.2016e-05
116535,0.000168192
116576,1.4592e-05
116651,1.792e-06
116653,0.000310272
116695,1.0752e-05
116718,5.376e-06
116745,4.9664e-05
116746,9.3696e-05
116764,8.5504e-05
116795,1.92e-05
116815,0.000102912
116832,3.1232e-05
116867,6.9376e-05
116971,3.9168e-05
117020,4.864e-05
117087,3.072e-06
117130,3.4816e-05
117175,1.152e-05
117202,2.816e-06
117239,1.5616e-05
117316,2.688e-05
117361,2.304e-05
117362,9.216e-06
117365,0.001499392
117411,4.736e-05
117456,0.000523008
117583,1.8176e-05
117601,2.8672e-05
117652,1.2288e-05
117685,2.2528e-05
117729,3.1744e-05
117833,0.000143872
117870,0.0
117880,7.424e-06
117903,6.656e-06
117963,0.00032256
117993,0.000150272
118110,2.0736e-05
118155,1.9968e-05
118202,2.816e-06
118243,1.1008e-05
118247,1.536e-05
118280,2.56e-05
118332,5.6064e-05
118345,0.000101376
118473,2.0736e-05
118495,9.472e-06
118555,2.048e-06
118563,4.6592e-05
118568,4.608e-05
118599,1.792e-06
118634,3.584e-06
118678,0.000175104
118821,6.4e-06
118875,5.8624e-05
118896,4.736e-05
118923,1.9968e-05
119041,9.216e-06
119123,5.7856e-05
119145,6.8608e-05
119227,0.00010496
119298,3.072e-05
119317,7.424e-06
119359,2.0992e-05
119467,3.072e-06
119489,4.608e-06
119495,9.3184e-05
119722,8.32e-05
119735,1.28e-06
119757,2.0736e-05
119819,1.8944e-05
119844,0.000681984
119883,5.632e-06
119903,8.3712e-05
119961,0.000138496
119997,3.8912e-05
120048,3.712e-05
120118,1.1776e-05
120175,4.3264e-05
120236,0.000252416
120243,0.00018816
120300,9.984e-06
120358,6.2208e-05
120366,0.000119296
120392,4.7616e-05
120422,2.9696e-05
120535,1.536e-06
120545,3.5584e-05
120558,3.7888e-05
120791,2.8672e-05
120822,6.4e-06
120846,9.8816e-05
120907,1.1776e-05
120910,5.504e-05
120958,8.6784e-05
120961,1.4848e-05
120996,3.7888e-05
121077,3.2512e-05
121130,1.3568e-05
121216,1.8688e-05
121281,4.608e-06
121357,1.5616e-05
121401,1.792e-06
121564,1.664e-05
121656,6.784e-05
121685,5.7088e-05
121810,1.7408e-05
121835,5.632e-06
121869,0.000133632
121921,3.9936e-05
121987,3.2256e-05
122030,1.536e-06
122083,3.1232e-05
122145,0.000132096
122159,0.002029568
122295,5.12e-07
122309,3.072e-06
122322,2.816e-06
122409,2.688e-05
122450,2.7136e-05
122540,0.000304896
122611,2.5088e-05
122653,7.8336e-05
122759,2.9952e-05
122836,7.3472e-05
122903,8.4992e-05
122910,0.000197376
123002,5.3504e-05
123040,7.168e-05
123108,1.7664e-05
123117,1.5104e-05
123153,3.328e-06
123157,1.152e-05
123164,2.1504e-05
123224,0.000212992
123251,8.96e-06
123303,3.7632e-05
123345,7.168e-06
123361,6.3744e-05
123370,5.888e-06
123374,6.4e-06
123401,8.2944e-05
123447,4.1984e-05
123473,1.6384e-05
123499,3.584e-05
123585,2.56e-07
123599,1.9456e-05
123602,5.4016e-05
123674,3.0208e-05
123745,6.4768e-05
123945,3.7888e-05
123959,1.3568e-05
124006,3.0976e-05
124101,2.1504e-05
124109,0.000169728
124181,8.32e-05
124197,0.000111616
124242,6.5536e-05
124316,0.000101632
124352,1.3056e-05
124419,7.936e-05
124457,2.3808e-05
124467,7.68e-06
124558,0.00017792
124580,0.00058752
124731,5.9392e-05
124900,3.6352e-05
124939,6.5536e-05
124973,2.4064e-05
125008,6.8096e-05
125106,5.888e-06
125158,2.2016e-05
125161,0.000147968
125205,4.8896e-05
125216,4.6848e-05
125276,3.5584e-05
125298,4.1472e-05
125336,5.9392e-05
125356,0.000109824
125527,8.96e-06
125533,7.68e-05
125569,4.48e-05
125581,5.5808e-05
125623,1.024e-06
125655,5.5552e-05
125669,0.000100608
125717,2.56e-06
125735,2.1504e-05
125751,5.2224e-05
125800,0.000102144
125814,1.5104e-05
125841,7.3472e-05
125929,6.8608e-05
125949,0.000139776
125991,3.84e-06
126135,3.0976e-05
126215,1.152e-05
126257,0.000125184
126301,2.304e-05
126320,8.576e-05
126358,0.001307392
126418,2.816e-06
126421,1.9456e-05
126464,8.1152e-05
126634,9.2672e-05
126724,2.304e-06
126802,0.000117248
126964,0.000275712
127015,3.328e-06
127029,7.296e-05
127063,6.8352e-05
127081,5.12e-06
127170,2.304e-05
127185,7.936e-05
127255,2.304e-06
127284,6.4768e-05
127401,4.7104e-05
127500,5.76e-05
127557,7.936e-05
127786,0.00027648
127852,1.9968e-05
127860,9.472e-06
127895,0.000175616
127959,0.000130304
128043,2.7136e-05
128052,1.1008e-05
128105,3.5584e-05
128154,5.5808e-05
128165,7.424e-05
128210,1.9456e-05
128248,6.0672e-05
128264,3.328e-05
128292,1.152e-05
128304,3.072e-06
128331,1.2544e-05
128348,1.2544e-05
128363,0.00018816
128418,0.0005568
128457,8.448e-06
128501,1.28e-06
128514,5.0176e-05
128524,6.3488e-05
128618,1.7152e-05
128646,1.9456e-05
128704,4.5312e-05
128760,0.001178368
128764,0.001348864
128819,5.3504e-05
128887,1.5616e-05
128939,5.12e-07
128943,5.376e-06
128957,8.2432e-05
128980,0.000110848
129040,1.2544e-05
129099,2.56e-05
129156,2.4832e-05
129230,4.3264e-05
129296,0.000273152
129320,5.7856e-05
129329,2.3296e-05
129375,2.6368e-05
129377,5.9136e-05
129423,3.2e-05
129448,2.048e-05
129457,0.000148224
129535,6.4512e-05
129600,1.5872e-05
129653,2.048e-06
129695,3.072e-06
129707,1.3824e-05
129709,0.000748544
129809,4.1728e-05
129811,0.000118016
129875,1.664e-05
129925,5.632e-06
129930,0.000179968
129962,0.002123264
130061,4.608e-06
130073,1.2288e-05
130295,3.584e-06
130362,1.28e-06
130428,7.8592e-05
130446,6.9632e-05
130729,1.2288e-05
130797,0.000555008
130899,3.968e-05
130951,2.1504e-05
131156,0.003097088
131228,5.12e-06
131278,2.048e-06
131312,4.3776e-05
131350,2.048e-05
131385,9.088e-05
131444,5.12e-07
131473,7.2448e-05
131488,0.000110336
131673,0.000100608
131733,4.0704e-05
131756,0.000333824
131769,7.7056e-05
131777,0.000291072
131870,0.000146688
131907,1.5616e-05
132033,3.072e-06
132126,0.0003392
132165,8.704e-06
132181,1.1776e-05
132196,2.816e-06
132287,2.048e-06
132352,1.6128e-05
132360,1.28e-06
132370,1.8176e-05
132439,1.536e-06
132554,1.8432e-05
132608,3.1232e-05
132673,3.84e-06
132774,1.792e-05
132882,8.0384e-05
132913,7.7056e-05
132956,0.000110848
132996,1.152e-05
133011,9.472e-06
133048,1.0752e-05
133109,4.7104e-05
133122,5.8112e-05
133229,9.216e-06
133292,8.704e-06
133348,7.0656e-05
133437,6.4e-06
133469,4.352e-06
133501,0.000694784
133520,4.864e-05
133559,1.7664e-05
133561,7.936e-06
133619,3.456e-05
133645,0.000101376
133653,0.000186368
133694,2.0736e-05
133726,2.56e-07
133804,2.1504e-05
133862,3.1488e-05
133879,1.3312e-05
133983,2.2528e-05
134062,2.56e-07
134078,9.5232e-05
134104,2.816e-05
134162,0.000279552
134200,0.000356864
134298,5.2736e-05
134502,6.912e-06
134633,2.816e-06
134681,6.144e-06
134687,1.024e-06
134745,1.9456e-05
134754,4.608e-06
134763,0.000101632
134765,0.003331328
134810,0.000205056
134917,1.2032e-05
134979,9.728e-06
135105,0.000187392
135217,1.408e-05
135245,7.9872e-05
135295,7.68e-07
135302,7.6032e-05
135312,3.4048e-05
135363,5.12e-07
135497,3.8912e-05
135507,2.0736e-05
135573,4.48e-05
135605,2.7136e-05
135640,4.8384e-05
135703,1.9456e-05
135752,7.6288e-05
135780,2.4064e-05
135872,3.9168e-05
135921,2.048e-05
135956,1.4848e-05
135957,4.352e-05
135968,1.0752e-05
135993,2.944e-05
136050,4.2752e-05
136076,8.2432e-05
136095,1.8944e-05
136215,9.728e-06
136251,2.816e-06
136265,3.1232e-05
136285,4.1216e-05
136307,5.76e-05
136376,4.5312e-05
136393,2.0736e-05
136424,0.000560128
136493,8.0384e-05
136557,6.3488e-05
136617,5.376e-05
136690,0.0002624
136779,1.5616e-05
136817,0.000116224
137051,3.2768e-05
137160,0.002676224
137237,6.656e-06
137282,3.072e-06
137303,5.7856e-05
137360,4.608e-05
137387,0.000180992
137462,0.000630784
137505,3.328e-06
137597,2.816e-06
137624,8.576e-05
137645,5.0176e-05
137757,3.8656e-05
137766,3.1232e-05
137787,1.536e-06
137804,1.7408e-05
137957,4.864e-06
137995,3.3024e-05
138066,7.0912e-05
138153,1.3824e-05
138222,2.5344e-05
138232,6.8608e-05
138345,4.7872e-05
138346,0.003027712
138476,2.8928e-05
138505,7.8848e-05
138545,0.000109056
138614,1.0496e-05
138677,4.2752e-05
138690,0.00016512
138757,3.1488e-05
138788,7.0656e-05
138819,1.4592e-05
138851,4.992e-05
138924,4.4288e-05
138955,4.096e-05
138963,2.5856e-05
139041,4.3008e-05
139079,5.6832e-05
139139,5.12e-07
139154,3.5584e-05
139233,8.448e-05
139299,1.8432e-05
139358,5.888e-06
139394,3.3024e-05
139464,1.024e-05
139544,1.1008e-05
139578,3.7632e-05
139743,5.5296e-05
139807,3.712e-05
139883,5.3504e-05
139989,3.072e-06
140097,2.816e-05
140122,6.2976e-05
140163,0.000341248
140257,7.3472e-05
140301,1.1264e-05
140335,4.2496e-05
140339,6.4e-06
140368,5.5296e-05
140420,8.3456e-05
140517,4.352e-06
140651,7.936e-06
140660,1.0496e-05
140698,2.944e-05
140742,7.296e-05
140756,4.3264e-05
140925,3.072e-06
140955,6.9632e-05
141047,5.12e-07
141062,1.28e-05
141124,4.9664e-05
141211,0.000127488
141295,0.000593664
141348,5.376e-06
141360,0.00025216
141363,0.001956608
141447,0.00010624
141460,2.048e-06
141488,0.000102912
141604,5.888e-06
141696,2.0992e-05
141793,8.5248e-05
141827,3.8912e-05
141911,2.304e-06
141935,1.9456e-05
141996,0.000111872
142046,7.68e-07
142055,3.4304e-05
142241,5.2736e-05
142252,5.76e-05
142340,5.632e-06
142419,1.9456e-05
142479,1.0496e-05
142506,4.3776e-05
142566,0.000100352
142642,1.8688e-05
142657,4.3008e-05
142774,9.216e-06
142785,2.816e-05
142850,6.6304e-05
142902,6.784e-05
142911,0.000150528
142982,0.000269056
143002,2.8928e-05
143032,0.000192
143062,4.1216e-05
143072,0.000187648
143102,6.9632e-05
143142,5.8112e-05
143152,2.6368e-05
143160,1.6128e-05
143182,6.2976e-05
143212,0.000157696
143222,7.168e-05
143232,0.000102912
143252,7.6544e-05
143292,0.00011776
143312,0.000176896
143322,0.00017408
143332,0.00024832
143342,0.000148992
143352,0.000177408
143372,0.000242432
143382,0.000178944
143392,0.000239104
143412,0.0002496
143422,7.7056e-05
143442,0.000323328
143462,0.000297472
143472,6.656e-05
143492,0.000431104
143512,0.000433152
143522,0.000598016
143552,0.00036736
143562,0.00025216
143572,0.000417792
143582,0.000323328
143612,0.000571648
143622,0.000481536
143652,0.00023936
143672,4.5056e-05
143702,0.000229632
143722,0.000203008
143745,6.912e-05
143752,0.000599808
143765,0.000340224
143823,9.728e-06
143892,4.864e-05
143933,3.1488e-05
143975,3.84e-06
144021,4.224e-05
144079,4.096e-05
144100,8.448e-06
144175,5.8624e-05
144267,9.728e-06
144286,6.528e-05
144327,8.704e-06
144345,1.9968e-05
144356,3.456e-05
144411,1.28e-05
144516,3.3024e-05
144606,7.68e-06
144712,5.888e-06
144721,2.56e-05
144801,0.000242944
144820,3.328e-05
144840,6.4e-06
144925,0.0001088
144965,6.8352e-05
145004,5.8624e-05
145028,8.832e-05
145048,9.3184e-05
145065,0.000104704
145090,5.7344e-05
145139,5.376e-06
145157,0.00011776
145198,1.7408e-05
145245,9.728e-06
145262,0.000150528
145298,7.9104e-05
145348,5.1456e-05
145423,8.0384e-05
145478,7.7056e-05
145534,4.4288e-05
145543,3.3536e-05
145557,0.00025216
145645,6.9376e-05
145675,1.024e-05
145693,0.000222976
145761,1.4848e-05
145776,0.000155392
145835,4.2752e-05
145843,3.584e-06
145943,8.448e-06
145993,1.5872e-05
146036,9.0368e-05
146146,3.0464e-05
146160,2.8928e-05
146235,9.9072e-05
146296,5.5552e-05
146361,1.28e-05
146385,6.656e-06
146409,2.7904e-05
146461,3.1232e-05
146478,7.3216e-05
146521,1.4592e-05
146537,7.168e-06
146587,2.6368e-05
146621,6.4e-06
146646,5.2992e-05
146710,4.4288e-05
146877,1.28e-06
147030,8.9344e-05
147078,0.000137472
147092,0.000233984
147124,4.3008e-05
147191,3.2512e-05
147258,3.84e-06
147287,2.56e-07
147351,1.5616e-05
147358,1.7152e-05
147369,0.000111872
147419,9.472e-06
147452,0.000111104
147517,5.4272e-05
147577,6.656e-05
147639,4.8128e-05
147648,2.56e-07
147653,0.000116736
147685,1.1776e-05
147692,3.84e-06
147694,5.3504e-05
147733,5.12e-05
147794,0.000105216
147842,1.6896e-05
147960,6.3232e-05
148063,9.0368e-05
148096,0.000103424
148137,4.8384e-05
148168,3.456e-05
148191,1.3056e-05
148244,3.328e-05
148290,2.7904e-05
148305,8.1152e-05
148332,1.024e-06
148396,4.096e-06
148425,8.3456e-05
148533,2.048e-05
148561,9.344e-05
148641,3.9424e-05
148651,2.56e-07
148819,2.7392e-05
148867,3.84e-06
148978,0.000123136
149013,4.352e-05
149035,4.608e-06
149080,8.1408e-05
149111,2.304e-06
149123,1.9456e-05
149126,9.216e-06
149145,5.0688e-05
149159,0.000196352
149232,1.2544e-05
149366,1.0752e-05
149419,4.096e-06
149502,3.072e-05
149539,6.6304e-05
149584,6.272e-05
149640,2.1504e-05
149719,3.456e-05
149746,0.010393088
149758,0.000269568
149877,9.472e-05
149957,4.352e-06
149969,4.6848e-05
150055,6.2208e-05
150099,1.28e-05
150129,0.000427264
150150,4.864e-06
150175,0.000187648
150254,5.888e-05
150276,4.4288e-05
150295,1.0496e-05
150343,5.12e-07
150392,1.024e-06
150429,2.56e-07
150500,9.728e-06
150538,2.432e-05
150571,2.8416e-05
150599,5.888e-06
150727,3.9424e-05
150778,0.000184064
150814,2.0992e-05
150837,1.92e-05
150904,1.5104e-05
150956,0.00010112
150964,0.000222208
151111,5.8624e-05
151169,7.8848e-05
151250,6.656e-06
151305,4.6336e-05
151408,4.5824e-05
151461,6.144e-06
151517,5.376e-06
151560,9.1648e-05
151588,1.4592e-05
151596,7.936e-06
151657,2.4576e-05
151691,5.6576e-05
151712,1.28e-06
151747,0.000455424
151885,1.3312e-05
151925,4.6592e-05
152024,4.3008e-05
152047,6.912e-06
152105,5.12e-06
152156,7.68e-05
152161,0.000114688
152249,1.4336e-05
152267,1.6896e-05
152286,4.6848e-05
152305,0.00014976
152336,2.56e-05
152353,0.000186368
152411,3.0464e-05
152471,3.5584e-05
152556,2.9952e-05
152591,5.2992e-05
152625,4.864e-06
152677,7.936e-06
152711,8.2944e-05
152738,4.3008e-05
152751,2.3296e-05
152756,0.00029568
152796,0.000286464
152833,0.000134656
152855,3.072e-05
152869,2.4064e-05
152882,8.4992e-05
152970,4.4032e-05
152976,0.000155904
152999,2.7648e-05
153056,4.6592e-05
153085,9.728e-05
153127,3.9168e-05
153179,6.5024e-05
153209,2.7136e-05
153329,8.7552e-05
153358,0.000110336
153363,1.0752e-05
153400,9.216e-06
153404,0.000112128
153436,0.000162048
153469,5.0432e-05
153489,0.000160256
153588,2.2784e-05
153638,1.024e-06
153665,0.000124416
153778,7.168e-06
153793,0.000114176
153956,4.1472e-05
154056,1.0752e-05
154064,3.3792e-05
154077,5.9136e-05
154390,5.632e-06
154393,4.1216e-05
154423,7.5776e-05
154438,7.424e-06
154562,2.0224e-05
154617,3.84e-06
154686,4.5568e-05
154716,5.3248e-05
154728,1.5872e-05
154799,2.304e-06
154821,3.2256e-05
154852,7.68e-06
154907,4.864e-06
154956,2.7136e-05
154985,3.328e-06
154997,8.448e-06
155013,1.0752e-05
155090,3.6352e-05
155110,2.048e-06
155146,9.472e-06
155156,0.000752896
155204,2.8928e-05
155291,3.0208e-05
155319,3.072e-05
155358,2.2528e-05
155381,5.0688e-05
155402,1.8176e-05
155523,2.3296e-05
155558,4.224e-05
155571,4.0192e-05
155641,1.152e-05
155675,0.00248448
155757,2.56e-06
155767,0.000119296
155797,8.96e-05
155865,1.4848e-05
155925,1.408e-05
155972,1.024e-06
156005,6.1184e-05
156067,2.2272e-05
156074,0.000132096
156120,2.048e-05
156151,6.6304e-05
156228,2.304e-05
156260,2.048e-06
156293,3.1232e-05
156302,3.4816e-05
156345,0.00045824
156363,0.000218624
156424,1.024e-06
156439,4.1728e-05
156453,4.608e-06
156487,2.688e-05
156513,3.0208e-05
156568,6.4e-06
156591,1.8944e-05
156604,1.1008e-05
156648,4.096e-05
156670,7.68e-07
156688,4.5824e-05
156779,8.0128e-05
156816,3.1232e-05
156859,5.888e-06
156884,1.1008e-05
156914,0.000108288
156959,0.000532224
157038,2.8416e-05
157086,2.2528e-05
157127,1.3824e-05
157134,7.68e-07
157213,3.2e-05
157228,5.0688e-05
157248,1.6896e-05
157279,4.3776e-05
157398,2.816e-05
157441,2.0224e-05
157454,0.000124672
157456,0.000203008
157492,2.944e-05
157553,5.888e-06
157563,0.000153088
157564,0.00075904
157615,4.7872e-05
157712,1.28e-06
157753,5.0176e-05
157799,3.584e-06
157818,1.7408e-05
157874,2.7648e-05
158024,0.000195328
158159,3.6608e-05
158170,0.00041216
158224,7.936e-06
158231,0.000244992
158313,7.68e-06
158330,6.016e-05
158346,4.608e-06
158409,2.9952e-05
158507,7.1168e-05
158510,1.9712e-05
158575,4.608e-05
158607,9.0624e-05
158639,0.00022912
158695,0.000144384
158737,1.152e-05
158757,2.048e-05
158759,1.0496e-05
158788,2.688e-05
158827,4.6336e-05
158902,2.5856e-05
158956,4.864e-06
159053,9.216e-06
159092,1.536e-06
159110,0.00010112
159163,1.1776e-05
159224,4.352e-06
159271,3.84e-06
159371,0.00024064
159495,1.7152e-05
159558,0.000539648
159639,0.000148992
159706,1.7152e-05
159748,0.000670464
159959,9.344e-05
160032,1.024e-06
160076,1.5616e-05
160093,0.00044672
160133,9.728e-06
160247,6.7584e-05
160298,7.2448e-05
160313,3.712e-05
160347,1.4592e-05
160352,2.3296e-05
160371,3.4048e-05
160399,3.456e-05
160419,6.9632e-05
160433,8.192e-05
160477,3.6864e-05
160529,9.216e-06
160557,0.000295424
160604,7.04e-05
160666,0.000689664
160697,0.000518656
160775,0.000209408
160844,2.6112e-05
160854,2.4832e-05
160890,7.4752e-05
160927,1.664e-05
160972,6.6304e-05
161090,8.96e-06
161127,5.632e-06
161160,0.000374784
161231,1.1264e-05
161267,6.656e-06
161324,9.7792e-05
161385,1.2288e-05
161425,2.2784e-05
161431,7.5008e-05
161530,4.864e-06
161580,0.000273408
161621,8.192e-06
161684,2.432e-05
161709,0.000111616
161755,0.00051712
161763,0.000253952
161805,3.4304e-05
161808,4.096e-05
161905,6.6816e-05
161962,0.0008064
162006,3.4816e-05
162030,3.6864e-05
162078,4.6592e-05
162135,0.000183296
162167,1.1776e-05
162292,3.2e-05
162310,5.0176e-05
162316,5.2736e-05
162359,8.6272e-05
162364,0.004200192
162431,0.000257792
162471,8.704e-06
162497,1.9712e-05
162541,2.4576e-05
162614,9.1648e-05
162686,0.000127488
162751,0.000136448
162785,1.4848e-05
162869,6.656e-06
162892,4.608e-06
162956,1.8176e-05
163016,4.352e-06
163086,4.4288e-05
163115,3.0976e-05
163159,0.00012928
163215,3.84e-05
163396,2.7392e-05
163485,2.304e-05
163553,2.9184e-05
163564,0.002879488
163629,9.472e-06
163678,0.00011136
163761,1.1008e-05
163781,0.000235776
163831,5.12e-07
163918,4.48e-05
163947,5.248e-05
163986,0.00011904
164024,6.656e-05
164125,3.0208e-05
164156,0.00018048
164165,5.888e-05
164198,5.6064e-05
164213,0.000163328
164259,0.000169728
164304,1.664e-05
164325,3.5072e-05
164426,9.9328e-05
164454,4.2752e-05
164501,9.472e-06
164527,1.6896e-05
164674,2.3552e-05
164746,8.8832e-05
164759,0.000171264
164797,5.632e-06
164798,0.000450816
164862,7.0912e-05
164909,1.8944e-05
164916,4.5568e-05
164943,2.4064e-05
164957,1.152e-05
164993,2.3552e-05
165063,9.3184e-05
165095,8.192e-06
165113,0.000126976
165156,3.9936e-05
165175,1.5104e-05
165218,5.12e-07
165273,2.56e-06
165308,0.000149504
165361,0.001474304
165436,2.8928e-05
165481,3.3536e-05
165537,2.2784e-05
165575,8.448e-06
165599,2.3296e-05
165607,5.12e-07
165696,1.9712e-05
165721,4.096e-06
165727,7.3728e-05
165773,2.1248e-05
165774,0.000241408
165780,0.000157696
165817,4.6336e-05
165839,2.944e-05
165945,2.7648e-05
165960,0.003309312
166056,3.584e-06
166062,5.1968e-05
166119,1.0752e-05
166139,2.5344e-05
166210,0.000186112
166277,0.0
166430,2.5088e-05
166444,5.5552e-05
166470,0.00076544
166503,8.96e-06
166575,4.3008e-05
166627,2.176e-05
166690,5.9392e-05
166717,5.632e-06
166799,9.0368e-05
166836,1.7408e-05
166880,3.5072e-05
166928,0.0003648
166935,0.000449024
167052,1.7664e-05
167124,8.5248e-05
167155,1.1776e-05
167163,4.2496e-05
167199,5.376e-05
167215,4.4544e-05
167256,0.000194816
167299,9.728e-06
167402,2.816e-06
167421,9.472e-06
167447,3.1232e-05
167471,2.2528e-05
167498,8.1152e-05
167524,1.4848e-05
167554,1.9968e-05
167589,7.04e-05
167651,3.5072e-05
167705,1.7408e-05
167710,2.432e-05
167743,1.024e-05
167756,1.7408e-05
167764,0.00284416
167822,1.1008e-05
167889,2.1504e-05
167907,2.9952e-05
167995,2.2784e-05
168012,3.8656e-05
168119,1.7664e-05
168148,4.5568e-05
168283,5.888e-06
168295,1.664e-05
168311,0.000195328
168478,0.000471808
168587,6.912e-06
168658,4.6592e-05
168691,9.3952e-05
168724,1.6128e-05
168740,2.0736e-05
168766,3.1744e-05
168841,5.9136e-05
168851,9.216e-06
168877,6.1184e-05
168943,2.3296e-05
168967,5.0432e-05
168997,5.8112e-05
169135,3.84e-06
169307,1.6128e-05
169320,0.000219904
169348,5.888e-06
169389,1.7152e-05
169435,1.1264e-05
169468,3.2768e-05
169507,4.1472e-05
169536,4.608e-06
169557,0.00219008
169598,0.000662528
169635,9.9584e-05
169665,1.8944e-05
169694,4.4544e-05
169776,2.5856e-05
169855,3.328e-05
169873,1.7152e-05
169991,1.792e-06
170028,7.424e-06
170063,2.7392e-05
170145,7.6288e-05
170157,5.4016e-05
170161,0.000570112
170205,7.9872e-05
170250,5.376e-06
170270,7.424e-06
170308,2.9184e-05
170346,2.8416e-05
170394,0.000108032
170438,1.4848e-05
170487,1.3824e-05
170511,8.448e-06
170552,3.9424e-05
170715,4.864e-06
170755,7.0656e-05
170765,0.000581888
170772,0.00082816
170835,0.000195328
170868,9.1648e-05
170892,1.8432e-05
170941,2.5344e-05
170961,1.024e-06
170970,0.00015872
171084,5.888e-06
171141,2.1248e-05
171167,8.448e-06
171201,2.0224e-05
171334,2.6112e-05
171395,2.56e-07
171434,0.000122112
171464,4.0448e-05
171483,3.328e-05
171579,9.8304e-05
171669,5.12e-07
171709,7.68e-07
171717,1.4592e-05
171730,1.0496e-05
171765,7.936e-06
171881,7.936e-06
171931,4.3008e-05
171937,1.5104e-05
171960,0.00034688
172008,5.888e-06
172068,2.944e-05
172095,1.152e-05
172109,1.8432e-05
172117,4.608e-05
172148,2.3808e-05
172201,7.2192e-05
172240,4.0704e-05
172281,7.6032e-05
172284,1.1008e-05
172307,6.912e-06
172390,7.68e-06
172556,1.8944e-05
172575,7.6288e-05
172620,1.792e-05
172647,1.7152e-05
172681,2.0224e-05
172753,6.144e-06
172802,6.4512e-05
172819,1.7152e-05
172858,5.888e-06
172935,2.816e-06
172957,6.912e-06
172993,6.0416e-05
173082,6.144e-06
173141,1.8432e-05
173156,1.7408e-05
173161,0.000624128
173214,5.8368e-05
173391,8.192e-06
173395,2.304e-06
173418,5.376e-05
173447,2.9184e-05
173518,1.7152e-05
173553,0.000369152
173624,1.28e-06
173625,9.3696e-05
173682,3.456e-05
173696,3.5328e-05
173727,1.536e-05
173761,3.328e-06
173763,0.000153088
173847,6.4e-06
173902,1.4336e-05
173991,1.792e-05
174053,0.000589312
174113,2.688e-05
174130,0.000111872
174254,8.0896e-05
174302,5.4272e-05
174320,3.712e-05
174357,6.0928e-05
174364,0.000395776
174382,0.000102912
174441,4.8384e-05
174502,1.792e-06
174529,2.816e-06
174550,9.4208e-05
174569,7.3728e-05
174589,0.00043136
174606,0.000550656
174669,0.00010752
174689,3.84e-06
174699,3.4304e-05
174709,7.424e-06
174739,8.3712e-05
174749,0.000124928
174759,0.0004096
174779,0.00019328
174799,0.000604416
174819,0.000384512
174829,0.000343808
174859,0.000643072
174869,0.000120064
174879,0.000280576
174889,2.2528e-05
174899,0.000498176
174929,9.984e-05
174949,0.000450304
174999,0.000542464
175019,8.96e-06
175049,1.3056e-05
175073,6.144e-06
175096,6.5536e-05
175167,5.12e-06
175203,2.048e-06
175224,0.00016256
175250,0.000147456
175360,3.6608e-05
175394,3.2512e-05
175410,3.2e-05
175449,3.5072e-05
175456,5.1712e-05
175496,2.0992e-05
175506,0.000436736
175559,5.8112e-05
175565,1.9968e-05
175605,1.1776e-05
175620,4.0448e-05
175641,3.456e-05
175674,6.144e-05
175703,7.68e-06
175725,0.000123648
175829,3.5072e-05
175847,3.84e-05
175872,1.0496e-05
175900,4.5056e-05
175959,5.4272e-05
175996,0.000124416
176156,2.048e-05
176158,2.4832e-05
176159,0.00073344
176208,2.816e-06
176384,2.048e-05
176416,3.328e-06
176443,7.168e-06
176453,3.2e-05
176513,5.9136e-05
176534,5.632e-06
176539,0.000664832
176554,2.6368e-05
176579,1.6896e-05
176721,6.7584e-05
176757,0.000107008
176800,4.3008e-05
176857,1.8176e-05
176929,5.888e-05
176969,4.5568e-05
176998,9.728e-06
177021,3.072e-05
177048,2.56e-06
177057,3.968e-05
177104,1.8176e-05
177143,2.4064e-05
177223,3.072e-05
177325,1.6896e-05
177339,4.7616e-05
177364,0.00015232
177372,3.7376e-05
177454,7.936e-06
177512,7.296e-05
177538,9.472e-05
177589,1.0496e-05
177620,0.000186112
177651,2.9696e-05
177685,6.144e-06
177739,1.0752e-05
177761,2.176e-05
177767,3.072e-06
177815,4.1472e-05
177821,3.072e-06
177885,1.3568e-05
177907,2.944e-05
177923,3.1232e-05
177945,6.4768e-05
177958,5.376e-06
177967,7.5264e-05
178132,3.328e-06
178141,1.024e-05
178178,0.000157696
178219,2.4832e-05
178323,7.8848e-05
178421,3.1232e-05
178454,2.56e-07
178462,9.3696e-05
178482,6.4e-06
178523,2.56e-06
178547,2.9184e-05
178564,8.6784e-05
178569,0.000107264
178595,3.328e-06
178723,3.1744e-05
178752,7.936e-06
178781,1.536e-06
178787,1.3056e-05
178814,1.1008e-05
178851,1.7152e-05
178900,2.56e-07
178981,1.0752e-05
179035,5.632e-06
179069,1.6384e-05
179145,1.792e-05
179155,0.000162048
179163,0.000510208
179189,6.4256e-05
179260,5.632e-05
179367,3.4816e-05
179412,2.7904e-05
179434,3.072e-06
179454,3.0464e-05
179568,7.168e-05
179602,8.4736e-05
179627,1.2544e-05
179699,4.0704e-05
179745,2.2272e-05
179767,2.56e-07
179801,4.608e-06
179861,8.704e-06
179899,4.5312e-05
179935,1.5616e-05
179979,3.3536e-05
179995,1.152e-05
180079,7.296e-05
180115,1.792e-06
180156,9.984e-06
180233,5.1968e-05
180263,8.0128e-05
180318,4.9408e-05
180359,3.2256e-05
180405,5.376e-06
180491,5.6832e-05
180515,0.000190208
180587,2.6624e-05
180627,0.000970752
180704,2.8416e-05
180746,2.4064e-05
180771,0.000584192
180861,1.7152e-05
180871,2.3808e-05
180908,2.2016e-05
180947,0.000205056
180963,0.000403456
180988,1.6384e-05
181003,1.3056e-05
181098,1.3824e-05
181100,2.2528e-05
181130,4.608e-06
181140,0.000334336
181213,9.216e-06
181215,6.144e-06
181251,1.408e-05
181278,6.7072e-05
181321,1.0496e-05
181333,8.96e-06
181450,1.7408e-05
181501,1.8176e-05
181527,9.088e-05
181556,9.1392e-05
181561,7.0144e-05
181655,0.000480256
181696,3.7632e-05
181715,2.2272e-05
181726,2.176e-05
181787,4.5824e-05
181824,1.1008e-05
181833,2.816e-06
181876,3.84e-06
181929,5.12e-06
182012,2.8416e-05
182081,3.072e-06
182163,1.8176e-05
182169,0.00036608
182295,8.0128e-05
182360,6.5792e-05
182397,1.792e-05
182433,0.000124928
182476,5.2224e-05
182527,2.0224e-05
182613,1.5104e-05
182669,2.9184e-05
182729,3.328e-05
182874,2.5856e-05
182893,9.728e-05
182933,2.7648e-05
182983,3.5072e-05
183010,0.000288768
183035,7.424e-06
183055,1.2544e-05
183068,0.000349184
183097,2.048e-06
183122,3.072e-06
183132,5.376e-06
183173,4.1728e-05
183201,5.888e-06
183250,3.5072e-05
183284,2.304e-06
183288,0.000123648
183318,0.001756416
183361,0.001612032
183415,5.12e-07
183425,4.4544e-05
183493,1.28e-05
183500,1.92e-05
183650,2.176e-05
183692,4.6848e-05
183707,0.000108032
183820,2.56e-07
183863,6.4e-06
183888,2.56e-06
183908,1.024e-05
183946,0.000126208
183963,0.007963392
184049,0.000487424
184051,1.28e-06
184121,1.5872e-05
184156,4.0448e-05
184385,0.0001088
184429,1.0496e-05
184432,3.84e-05
184450,3.84e-06
184457,6.1184e-05
184503,3.584e-06
184562,9.7792e-05
184588,5.1968e-05
184600,0.000160512
184665,1.792e-05
184686,1.536e-05
184837,1.1008e-05
184885,0.000107264
184939,0.000285184
184980,9.4208e-05
185036,7.296e-05
185091,3.0208e-05
185137,3.7632e-05
185165,1.9456e-05
185203,1.1264e-05
185291,5.6064e-05
185460,1.024e-05
185489,5.4016e-05
185565,8.7296e-05
185584,0.000144384
185624,2.56e-06
185697,1.024e-06
185712,0.0001216
185761,2.3808e-05
185762,0.000518656
185809,0.000222208
185933,4.2496e-05
185948,8.064e-05
185988,3.9168e-05
186020,2.048e-05
186048,6.4256e-05
186145,2.5856e-05
186168,2.048e-06
186183,1.7664e-05
186235,0.000253696
186281,0.00018688
186321,5.12e-07
186344,0.000118016
186359,1.0752e-05
186361,0.000454144
186402,4.6336e-05
186490,3.1488e-05
186629,0.000105984
186650,1.4592e-05
186692,1.28e-06
186735,0.000102656
186777,5.3248e-05
186856,1.0496e-05
186858,3.328e-06
186945,0.000144128
186956,8.3712e-05
186979,0.00040704
187015,9.728e-06
187101,2.2784e-05
187204,2.432e-05
187276,5.76e-05
187307,2.1248e-05
187361,2.4064e-05
187381,1.4592e-05
187390,0.000665856
187527,7.7056e-05
187557,0.000872192
187568,0.002068992
187635,4.608e-06
187693,3.3536e-05
187744,3.072e-06
187748,3.3024e-05
187805,0.000257536
187828,6.6304e-05
187882,9.2672e-05
187930,3.072e-06
187933,5.504e-05
187949,0.000137472
188053,3.0464e-05
188093,2.048e-05
188117,7.68e-07
188132,2.8416e-05
188158,9.472e-06
188166,0.000517376
188208,4.4288e-05
188235,0.000429312
188285,0.000168192
188331,1.28e-06
188345,4.352e-05
188398,5.4528e-05
188399,0.000521216
188451,2.9184e-05
188588,4.864e-06
188624,0.00033664
188665,8.704e-06
188695,5.76e-05
188727,1.6384e-05
188755,9.216e-06
188760,3.4816e-05
188852,1.0752e-05
188897,3.584e-05
188969,2.176e-05
188985,7.424e-06
189015,2.304e-06
189045,3.4048e-05
189060,7.168e-06
189128,6.8096e-05
189145,4.352e-06
189255,9.1136e-05
189304,4.096e-06
189326,1.152e-05
189339,6.2208e-05
189357,1.6128e-05
189365,4.1984e-05
189369,4.8896e-05
189484,2.0992e-05
189532,2.5856e-05
189582,5.12e-07
189654,8.8064e-05
189682,6.4768e-05
189813,2.048e-06
189844,7.2192e-05
189884,3.0464e-05
189893,5.8368e-05
189973,8.8064e-05
190045,7.168e-06
190057,1.536e-05
190108,9.1136e-05
190144,2.9952e-05
190183,1.2288e-05
190228,4.1728e-05
190305,6.8864e-05
190402,3.6096e-05
190451,0.000533504
190487,0.00010496
190533,2.4064e-05
190545,5.7088e-05
190557,0.000647168
190748,3.072e-06
190793,1.1264e-05
190802,5.0176e-05
190962,8.704e-06
190986,0.00012672
191037,1.9712e-05
191057,0.000488448
191105,2.8672e-05
191162,0.001805056
191201,7.68e-07
191216,1.536e-05
191261,3.5328e-05
191278,4.096e-05
191336,5.632e-06
191400,7.168e-06
191435,0.000136704
191462,1.0496e-05
191482,1.8176e-05
191543,1.3056e-05
191580,1.536e-05
191596,7.424e-06
191653,2.5088e-05
191666,4.48e-05
191696,2.9952e-05
191719,3.0464e-05
191740,0.000118272
191822,2.0736e-05
191873,0.000113152
191933,7.5776e-05
192023,5.0432e-05
192088,3.456e-05
192117,3.712e-05
192130,4.1216e-05
192139,3.584e-06
192156,1.408e-05
192175,5.12e-06
192181,5.3504e-05
192215,6.144e-06
192345,2.2784e-05
192359,0.000141312
192419,0.000114176
192449,0.000589568
192502,9.344e-05
192535,9.984e-06
192541,1.024e-06
192621,1.9712e-05
192735,2.304e-06
192740,4.096e-06
192793,2.3552e-05
192814,4.7872e-05
192951,1.0496e-05
192956,4.608e-05
192966,0.000104192
192968,2.56e-06
193008,0.000116736
193065,4.5056e-05
193109,1.9968e-05
193130,8.704e-05
193154,7.9104e-05
193160,4.0704e-05
193175,5.7856e-05
193223,0.000549376
193274,2.6112e-05
193318,4.4032e-05
193393,3.9424e-05
193454,7.808e-05
193546,1.3312e-05
193566,6.7072e-05
193731,0.00029568
193768,2.048e-05
193809,6.2464e-05
193825,4.096e-06
193840,0.000104192
193910,7.552e-05
193933,6.0416e-05
193968,5.5808e-05
194025,5.0944e-05
194047,5.888e-06
194060,6.912e-06
194104,4.8128e-05
194125,2.9696e-05
194156,3.6352e-05
194250,1.9456e-05
194277,2.816e-06
194311,7.0144e-05
194401,3.584e-06
194462,7.5264e-05
194485,0.000128256
194545,4.7104e-05
194656,4.608e-06
194716,7.936e-06
194745,2.56e-06
194759,3.072e-05
194818,2.7648e-05
194856,1.3568e-05
194873,4.352e-06
194883,7.68e-07
194965,0.000122368
195016,9.088e-05
195042,5.888e-05
195179,2.56e-06
195244,6.0928e-05
195297,5.8624e-05
195314,2.9184e-05
195358,0.000159232
195516,3.072e-06
195625,4.0192e-05
195767,8.4992e-05
195863,3.456e-05
195886,6.4512e-05
195906,4.1984e-05
195966,0.00017792
196008,5.1456e-05
196041,0.000116224
196145,2.56e-07
196173,0.000454912
196221,2.4832e-05
196287,0.00077056
196325,6.912e-05
196427,1.024e-06
196433,5.248e-05
196474,2.9696e-05
196481,1.6128e-05
196562,3.84e-05
196564,0.000215808
196599,1.8688e-05
196601,2.2016e-05
196631,0.000169728
196654,7.168e-06
196716,3.6864e-05
196762,2.816e-06
196763,7.0144e-05
196789,5.12e-06
196907,7.9616e-05
196944,9.216e-06
197062,0.00024704
197102,5.12e-07
197117,7.68e-07
197137,5.5552e-05
197156,2.1504e-05
197158,0.000179968
197189,3.072e-05
197230,1.152e-05
197250,0.000761856
197332,2.5088e-05
197374,1.3568e-05
197376,0.000192
197436,4.1728e-05
197532,5.632e-06
197559,7.936e-06
197585,5.1712e-05
197625,1.024e-06
197700,1.28e-06
197746,0.00028416
197756,2.9184e-05
197771,3.0976e-05
197784,0.000244736
197940,1.7664e-05
198010,0.000364544
198149,4.352e-05
198247,4.864e-06
198320,2.7904e-05
198340,3.2e-05
198360,0.0001856
198363,8.2688e-05
198440,1.6128e-05
198451,0.000210688
198458,4.5824e-05
198541,2.56e-07
198549,3.84e-05
198587,8.2688e-05
198732,4.6848e-05
198775,5.5296e-05
198885,0.000233728
198944,8.6272e-05
198946,0.000111104
199047,0.000140032
199122,1.28e-05
199170,6.656e-06
199173,6.912e-05
199187,4.1472e-05
199203,3.0208e-05
199287,2.2784e-05
199413,3.7888e-05
199437,5.9136e-05
199463,6.3232e-05
199555,1.6896e-05
199561,6.8864e-05
199658,0.000157184
199662,8.7808e-05
199715,5.888e-06
199800,3.584e-06
199815,1.536e-05
199911,1.9456e-05
199956,4.352e-05
200002,3.3024e-05
200008,2.6624e-05
200032,5.8624e-05
200075,7.7312e-05
200105,3.4304e-05
200143,4.6336e-05
200156,1.2544e-05
200164,0.00013312
200201,5.0432e-05
200246,3.072e-06
200267,4.48e-05
200276,0.000173824
200318,0.000489472
200369,1.792e-06
200448,6.3744e-05
200495,7.168e-06
200506,2.5088e-05
200523,2.56e-07
200556,5.632e-05
200607,2.7136e-05
200640,3.8912e-05
200665,2.048e-05
200698,0.00011776
200719,7.2704e-05
200768,5.2992e-05
200794,8.448e-06
200825,2.3552e-05
200844,5.5552e-05
200896,3.072e-06
200915,9.4464e-05
200923,9.9072e-05
200995,3.712e-05
201016,0.000152576
201050,2.3808e-05
201071,2.2272e-05
201085,3.5584e-05
201105,0.00012288
201118,1.792e-05
201185,5.12e-07
201192,0.000156672
201234,4.352e-06
201291,1.536e-05
201293,1.0496e-05
201311,2.56e-06
201358,3.072e-06
201360,0.000502528
201428,2.048e-05
201466,2.56e-05
201478,2.8928e-05
201503,1.792e-06
201522,2.8672e-05
201558,2.5344e-05
201637,4.864e-06
201715,5.76e-05
201767,8.8832e-05
201789,0.000135168
201879,1.2544e-05
201946,4.4544e-05
201963,1.8432e-05
201971,4.1472e-05
202027,4.0192e-05
202187,8.704e-06
202247,1.9712e-05
202287,5.0688e-05
202317,1.0752e-05
202381,6.4512e-05
202389,2.4832e-05
202413,2.6624e-05
202473,3.456e-05
202496,1.152e-05
202540,1.5104e-05
202551,1.4848e-05
202635,5.2224e-05
202703,3.2512e-05
202758,1.408e-05
202827,0.00013568
202846,3.6864e-05
202870,1.8176e-05
202879,1.6896e-05
202970,0.000616704
202997,5.2992e-05
203025,1.9456e-05
203047,0.0006656
203081,4.352e-06
203136,4.1216e-05
203159,0.001263872
203196,5.12e-06
203216,0.000143872
203282,4.9408e-05
203361,0.000103424
203408,8.4992e-05
203475,1.28e-05
203495,9.2672e-05
203521,0.002256384
203580,3.0464e-05
203591,3.6864e-05
203639,4.1728e-05
203667,2.9952e-05
203693,1.3312e-05
203766,6.016e-05
203769,0.000724736
203825,1.0496e-05
203849,9.3696e-05
203943,2.2528e-05
203960,3.072e-06
203964,3.3024e-05
204033,6.4e-05
204093,2.7136e-05
204177,9.0624e-05
204303,1.6128e-05
204327,3.84e-06
204345,2.816e-05
204357,0.000178944
204425,4.352e-06
204502,5.376e-06
204530,5.248e-05
204556,0.000112128
204577,4.096e-06
204724,1.6384e-05
204729,3.712e-05
204745,6.8096e-05
204775,1.152e-05
204874,1.536e-05
204924,1.1776e-05
204954,3.2256e-05
204959,0.000397824
205044,3.9424e-05
205058,0.000168448
205182,8.96e-06
205279,1.536e-06
205289,5.8624e-05
205359,2.4064e-05
205376,6.656e-06
205439,3.8144e-05
205472,1.4592e-05
205504,4.3008e-05
205527,8.96e-06
205558,2.7392e-05
205561,2.9184e-05
205585,0.000295168
205633,1.8176e-05
205668,1.664e-05
205691,0.000429056
205835,4.3264e-05
205859,3.456e-05
205885,9.216e-06
205918,4.7616e-05
205952,1.8432e-05
206027,5.12e-06
206115,0.000120064
206135,5.12e-05
206157,8.6528e-05
206166,1.792e-06
206242,0.000177664
206271,6.144e-05
206351,2.2016e-05
206422,2.0736e-05
206467,0.00010112
206518,4.4288e-05
206525,4.352e-06
206546,1.9456e-05
206549,6.8864e-05
206603,1.2032e-05
206615,3.84e-06
206634,5.76e-05
206684,1.8688e-05
206694,2.048e-06
206716,0.000100352
206765,0.000102144
206831,0.000365568
206875,1.2288e-05
206898,1.664e-05
206907,8.704e-05
206923,7.424e-06
206957,2.7392e-05
206970,1.3312e-05
206996,3.584e-06
207069,4.736e-05
207132,5.6832e-05
207159,5.7088e-05
207192,2.5088e-05
207253,2.56e-06
207291,1.92e-05
207426,4.992e-05
207435,6.8352e-05
207496,6.144e-06
207559,4.4032e-05
207586,5.1712e-05
207613,5.8112e-05
207803,0.000132352
207852,1.024e-06
207879,3.3792e-05
207916,0.000164608
207927,2.4576e-05
207937,7.8848e-05
207958,0.000188928
207987,3.6864e-05
207999,6.3488e-05
208032,0.0001344
208069,3.7888e-05
208110,4.1472e-05
208156,1.4336e-05
208180,6.4e-06
208183,6.784e-05
208208,7.1168e-05
208254,5.2224e-05
208330,2.5344e-05
208355,8.448e-06
208448,5.2736e-05
208493,2.56e-05
208494,0.000353536
208542,3.0976e-05
208555,0.0003136
208620,0.000173312
208661,2.6368e-05
208686,4.224e-05
208786,1.8432e-05
208789,1.0752e-05
208845,5.6064e-05
208909,4.7616e-05
208945,2.048e-06
208974,5.8112e-05
209043,1.536e-05
209061,2.9696e-05
209098,1.024e-05
209122,3.0976e-05
209146,8.0896e-05
209241,0.001018112
209300,0.000143104
209322,7.7056e-05
209358,8.448e-06
209368,4.096e-05
209397,4.9664e-05
209435,5.3248e-05
209442,0.00038912
209493,0.000374784
209625,1.2288e-05
209635,1.024e-06
209675,2.816e-06
209702,1.6384e-05
209733,3.84e-06
209745,2.4064e-05
209764,2.3296e-05
209833,7.936e-06
209844,1.792e-06
209872,0.001427456
209939,1.024e-05
209965,1.536e-06
209966,0.00023552
210020,2.0736e-05
210079,1.28e-05
210152,5.888e-06
210220,5.12e-06
210262,3.7376e-05
210290,1.408e-05
210333,0.00022016
210362,3.84e-05
210390,2.4576e-05
210411,4.864e-05
210442,3.5584e-05
210476,7.424e-06
210509,2.7648e-05
210522,6.144e-06
210577,1.024e-06
210631,2.9696e-05
210644,0.000587264
210738,1.3824e-05
210773,1.3056e-05
210800,1.28e-06
210879,1.024e-06
210908,3.0976e-05
210945,9.216e-06
211038,2.2016e-05
211092,2.9952e-05
211145,2.816e-05
211166,9.6e-05
211199,2.944e-05
211215,3.6608e-05
211255,2.56e-05
211333,1.3312e-05
211354,7.3216e-05
211410,4.3776e-05
211424,7.04e-05
211480,1.2288e-05
211555,2.7648e-05
211559,0.000235008
211565,0.001975296
211637,4.6848e-05
211738,4.3264e-05
211782,1.024e-05
211790,4.1472e-05
211820,4.5312e-05
211861,2.2528e-05
211895,1.6128e-05
211925,1.8944e-05
211975,1.1008e-05
212060,3.0464e-05
212139,8.8064e-05
212167,6.4e-05
212173,0.000178688
212178,5.8368e-05
212302,6.5024e-05
212328,6.4e-05
212353,2.3296e-05
212425,3.1744e-05
212483,0.00011776
212515,9.216e-06
212624,0.000102144
212638,3.5072e-05
212654,3.0976e-05
212675,3.4816e-05
212732,6.5536e-05
212756,0.000669696
212760,0.001516288
212852,7.5776e-05
212903,2.5344e-05
213012,0.0
213135,2.304e-06
213182,0.000190976
213201,2.2272e-05
213297,4.1984e-05
213328,6.016e-05
213332,4.7616e-05
213487,1.28e-05
213562,4.608e-05
213589,2.4064e-05
213698,9.0368e-05
213836,1.0752e-05
213905,7.0656e-05
213959,1.5104e-05
213978,0.000157184
214049,6.912e-06
214096,5.7344e-05
214128,1.1008e-05
214193,1.1264e-05
214249,7.9616e-05
214344,7.808e-05
214375,5.12e-07
214394,0.000617728
214428,2.7136e-05
214453,1.7664e-05
214501,9.728e-06
214552,1.28e-06
214615,9.7536e-05
214624,3.9936e-05
214695,6.656e-06
214732,3.6864e-05
214749,0.000345088
214791,1.9968e-05
214807,6.528e-05
214846,6.3744e-05
214873,1.1776e-05
214891,5.1712e-05
215047,3.328e-06
215156,6.2208e-05
215177,2.9696e-05
215219,2.432e-05
215233,6.5024e-05
215285,8.3712e-05
215307,3.6096e-05
215340,8.192e-06
215385,6.3744e-05
215386,0.000216832
215423,9.216e-06
215476,2.2272e-05
215527,4.352e-06
215563,1.8944e-05
215574,3.5072e-05
215695,1.536e-06
215761,0.000189696
215771,1.1264e-05
215858,4.0192e-05
215881,5.9904e-05
215897,0.00322048
215973,2.1248e-05
216035,4.5312e-05
216237,7.168e-06
216258,0.000185088
216369,1.792e-06
216429,3.8912e-05
216455,2.4576e-05
216532,2.5344e-05
216550,6.6816e-05
216595,1.5104e-05
216638,3.1744e-05
216691,5.376e-05
216802,0.000102144
216850,3.2768e-05
216952,2.56e-06
216959,0.00067328
217022,1.8432e-05
217035,2.5856e-05
217048,3.5584e-05
217064,7.168e-06
217113,5.888e-06
217121,1.024e-06
217133,7.424e-06
217205,4.3008e-05
217236,1.152e-05
217258,9.7024e-05
217379,2.6112e-05
217410,4.2496e-05
217448,0.00034304
217505,7.3728e-05
217553,1.3056e-05
217560,0.001222656
217586,0.000639744
217633,3.4048e-05
217658,9.216e-05
217687,6.8096e-05
217709,2.8416e-05
217755,0.000276224
217806,9.0368e-05
217901,3.7888e-05
217949,5.888e-06
218007,7.68e-06
218061,1.6128e-05
218081,1.1264e-05
218124,1.5616e-05
218157,5.376e-06
218269,6.144e-05
218352,1.5104e-05
218375,3.072e-06
218399,9.728e-06
218409,8.2176e-05
218457,4.8128e-05
218503,7.5008e-05
218541,9.472e-06
218559,3.584e-05
218569,4.608e-05
218609,1.9456e-05
218691,4.1472e-05
218745,5.632e-06
218765,0.001001216
218852,7.0144e-05
218882,1.9968e-05
218980,9.216e-06
219005,1.8176e-05
219018,2.2528e-05
219032,9.472e-06
219201,2.7392e-05
219229,2.6368e-05
219275,0.000275968
219330,0.00010112
219364,0.000421888
219435,0.000102656
219590,3.456e-05
219647,4.2496e-05
219673,1.664e-05
219686,1.4336e-05
219877,4.864e-06
219879,4.2496e-05
219893,8.7296e-05
219924,9.8816e-05
219965,0.000231936
220038,1.28e-06
220098,9.472e-05
220137,6.0672e-05
220181,9.4208e-05
220186,1.28e-06
220277,0.000237056
220304,6.8864e-05
220375,5.7088e-05
220393,1.4336e-05
220407,6.6304e-05
220485,2.304e-06
220487,8.32e-05
220591,4.7872e-05
220710,1.8688e-05
220854,8.8576e-05
220918,5.4272e-05
221038,7.2448e-05
221073,4.992e-05
221089,3.2256e-05
221095,1.4592e-05
221140,3.328e-06
221151,3.1744e-05
221160,4.6336e-05
221162,0.000391936
221253,1.28e-05
221271,4.6848e-05
221463,1.8688e-05
221465,5.632e-05
221511,8.704e-05
221552,2.1504e-05
221635,2.56e-06
221649,2.4064e-05
221707,8.96e-06
221745,7.0656e-05
221749,2.2784e-05
221755,1.7664e-05
221864,2.048e-05
221921,0.000123136
221977,4.3776e-05
222002,3.072e-06
222074,7.424e-06
222187,3.4048e-05
222211,2.816e-05
222224,2.2528e-05
222250,0.000226304
222360,0.000200448
222404,1.0752e-05
222500,4.8128e-05
222580,9.472e-06
222605,3.1232e-05
222651,2.8672e-05
222691,0.000109824
222725,3.2512e-05
222760,0.000104192
222811,9.216e-06
222832,3.6096e-05
222914,5.1456e-05
222935,4.0704e-05
222944,4.736e-05
222958,2.304e-06
222984,8.9856e-05
223090,1.5616e-05
223093,3.328e-06
223104,1.9456e-05
223114,1.792e-06
223127,7.68e-06
223187,4.4032e-05
223228,2.9696e-05
223273,4.2752e-05
223288,2.2016e-05
223319,1.3824e-05
223417,8.192e-06
223444,0.000105472
223483,8.448e-06
223504,5.632e-06
223519,0.000249344
223539,1.536e-05
223567,2.176e-05
223568,9.6768e-05
223651,2.4832e-05
223682,4.608e-05
223705,1.8176e-05
223720,8.96e-06
223737,1.024e-05
223791,2.816e-05
223828,9.2416e-05
223892,1.0496e-05
223922,5.376e-06
223932,0.000100864
223975,8.96e-06
224029,1.3824e-05
224074,2.816e-06
224092,0.000102912
224138,1.1776e-05
224145,3.84e-06
224160,0.000970496
224220,1.7408e-05
224248,3.0208e-05
224317,7.6032e-05
224347,8.448e-06
224429,1.28e-06
224455,5.632e-06
224514,8.96e-06
224534,3.8656e-05
224594,2.432e-05
224650,3.0976e-05
224716,2.048e-06
224737,7.424e-06
224746,1.8688e-05
224763,0.001435392
224817,3.2e-05
224865,0.00018688
224882,2.7648e-05
224910,6.3232e-05
224931,5.504e-05
224947,6.0672e-05
224958,5.632e-06
224986,1.4848e-05
225046,6.144e-06
225070,6.4e-06
225136,3.712e-05
225143,4.8896e-05
225186,1.28e-06
225206,7.8848e-05
225265,8.3712e-05
225292,2.432e-05
225335,3.5072e-05
225358,0.000262144
225431,6.912e-05
225491,6.144e-06
225510,1.28e-06
225525,0.000116224
225558,6.912e-06
225591,1.8176e-05
225686,0.000109056
225745,3.456e-05
225789,5.2992e-05
225833,6.6304e-05
225841,3.5584e-05
225876,3.1744e-05
225945,4.608e-06
225960,4.352e-05
226092,3.456e-05
226101,0.000240896
226175,4.0704e-05
226187,6.4e-05
226195,1.2544e-05
226214,2.1248e-05
226250,2.56e-06
226340,1.3056e-05
226490,4.096e-06
226503,4.2496e-05
226525,2.8672e-05
226564,2.816e-05
226598,2.3296e-05
226645,2.6368e-05
226657,9.472e-06
226680,3.584e-06
226685,1.4592e-05
226721,1.9968e-05
226753,1.4848e-05
226785,3.84e-05
226839,4.736e-05
226869,2.0224e-05
226917,2.3552e-05
226964,4.3264e-05
227001,3.7888e-05
227008,1.4336e-05
227011,9.1904e-05
227021,0.0002048
227064,9.3696e-05
227084,0.000438528
227165,1.3312e-05
227167,3.6096e-05
227247,0.00037376
227427,0.000107008
227459,3.0464e-05
227581,6.8608e-05
227646,0.000100864
227753,2.304e-05
227789,0.00060032
227892,5.376e-05
227956,3.0464e-05
227973,6.912e-06
228004,2.6368e-05
228030,7.168e-06
228057,1.8432e-05
228138,9.472e-06
228267,2.0992e-05
228314,4.5824e-05
228318,0.00012416
228336,7.2192e-05
228358,0.000110848
228378,2.4064e-05
228476,1.1008e-05
228634,1.3312e-05
228697,4.0448e-05
228733,1.92e-05
228736,0.0001536
228813,0.000237568
228870,2.304e-05
228896,5.8368e-05
228959,0.000257536
228960,0.000782592
229122,6.0416e-05
229162,2.4576e-05
229280,4.6336e-05
229305,3.1744e-05
229519,9.1136e-05
229534,2.6624e-05
229543,2.432e-05
229559,1.1776e-05
229581,3.6096e-05
229619,1.6128e-05
229647,1.6384e-05
229711,2.1248e-05
229721,1.2288e-05
229752,4.864e-06
229790,1.5872e-05
229815,1.8688e-05
229865,3.2512e-05
229894,9.856e-05
229943,3.328e-06
229975,2.6112e-05
230084,1.7152e-05
230145,1.536e-06
230146,0.000289792
230158,4.3008e-05
230175,0.000358144
230271,7.6032e-05
230320,1.5616e-05
230359,6.656e-06
230375,4.6336e-05
230417,1.0752e-05
230533,7.9104e-05
230630,2.9184e-05
230692,8.704e-06
230718,5.2992e-05
230753,5.9648e-05
230774,0.000365056
230833,0.000317696
230893,8.0896e-05
230903,0.000148224
230923,0.000150016
230933,5.504e-05
230943,9.3184e-05
230953,0.000113408
230983,0.000644864
231003,2.7136e-05
231013,4.352e-06
231023,0.000158464
231053,7.296e-05
231063,0.000126976
231093,0.000380928
231103,5.4272e-05
231113,0.000234752
231133,0.000344064
231163,0.000139008
231173,0.000175104
231183,0.000251136
231193,0.000120576
231233,0.00074624
231243,0.0003264
231253,0.000233472
231263,9.5232e-05
231273,0.000400896
231283,7.3728e-05
231293,3.4816e-05
231313,0.000270336
231323,0.000216064
231343,0.000328448
231353,0.000367616
231383,0.000259072
231393,0.000121344
231413,0.00049408
231433,0.000159744
231453,0.000592896
231463,1.8432e-05
231473,0.00018944
231493,0.000521984
231503,0.000708608
231513,0.000407552
231553,0.000883968
231610,2.56e-06
231613,1.6128e-05
231665,2.0992e-05
231736,4.1472e-05
231747,8.192e-06
231840,4.1472e-05
231910,6.1184e-05
231946,0.000159488
232044,3.84e-06
232115,1.9712e-05
232149,8.3712e-05
232199,3.3792e-05
232295,1.152e-05
232311,3.84e-06
232461,2.5088e-05
232476,0.000470528
232546,1.28e-06
232562,4.6592e-05
232564,6.656e-05
232575,0.000123904
232644,3.4304e-05
232671,5.632e-05
232689,3.84e-06
232821,1.5616e-05
232857,0.000337408
232916,3.84e-06
232934,6.4e-06
232936,4.9408e-05
233027,7.6544e-05
233128,3.5072e-05
233150,0.000777728
233174,1.8432e-05
233222,3.584e-06
233236,1.792e-06
233329,1.6384e-05
233379,6.7072e-05
233408,1.792e-06
233442,8.448e-06
233545,7.424e-06
233735,4.096e-06
233745,4.096e-06
233751,2.56e-07
233768,5.5296e-05
233771,1.2288e-05
233785,8.6528e-05
233809,0.000514816
233867,9.472e-06
233919,5.376e-06
233975,1.792e-06
234028,2.56e-07
234119,9.0624e-05
234293,0.000139264
234356,8.0896e-05
234396,4.9152e-05
234412,1.7408e-05
234441,4.7104e-05
234507,2.304e-06
234515,3.6864e-05
234613,0.00043264
234658,1.1264e-05
234671,1.5104e-05
234694,2.816e-05
234745,6.8608e-05
234783,8.4992e-05
234807,2.7648e-05
234875,1.536e-06
234904,5.376e-06
234945,0.001076992
234964,4.2752e-05
235010,6.8864e-05
235036,7.7824e-05
235064,3.8144e-05
235077,1.024e-06
235149,7.68e-07
235156,3.8144e-05
235201,3.1744e-05
235296,2.0736e-05
235387,2.688e-05
235493,6.9888e-05
235546,1.9712e-05
235561,2.4576e-05
235566,4.7872e-05
235645,4.8896e-05
235696,7.4496e-05
235733,6.3488e-05
235747,0.00010624
235765,6.9632e-05
235917,3.8144e-05
236023,6.9376e-05
236122,8.448e-06
236129,5.4528e-05
236158,2.0224e-05
236169,1.792e-05
236337,5.8368e-05
236427,1.3568e-05
236437,0.0
236480,7.936e-06
236500,0.001507072
236600,5.4016e-05
236630,9.6512e-05
236667,1.9712e-05
236720,5.8368e-05
236734,3.2512e-05
236740,2.8928e-05
236757,8.8064e-05
236810,7.5776e-05
236830,0.000224512
236850,0.000387584
236870,0.000201728
236890,0.000151296
236900,0.000128512
236910,0.000218112
236930,0.00076416
236950,0.0001536
236960,0.000511232
236990,0.000376576
237020,0.000736256
237040,4.3264e-05
237050,0.000763648
237060,0.00039296
237070,8.3712e-05
237080,0.000474368
237130,5.6064e-05
237219,3.9424e-05
237268,3.4816e-05
237325,4.992e-05
237345,0.001149184
237363,0.000782848
237410,1.2544e-05
237440,0.000177664
237528,5.376e-06
237610,4.1216e-05
237627,3.1232e-05
237631,1.3824e-05
237683,1.9968e-05
237739,0.0
237843,3.9168e-05
237858,3.84e-06
237869,2.7904e-05
237904,5.376e-06
237950,0.00021376
238011,6.5024e-05
238061,1.1776e-05
238094,2.8416e-05
238105,4.4544e-05
238176,2.2272e-05
238267,3.4816e-05
238337,7.424e-05
238360,5.888e-06
238394,7.424e-06
238398,2.4064e-05
238450,7.5776e-05
238520,1.1776e-05
238545,0.000202496
238595,7.1168e-05
238720,5.632e-05
238828,4.3008e-05
238972,1.7408e-05
238995,2.304e-05
239065,6.3488e-05
239158,9.4464e-05
239163,4.608e-06
239197,5.12e-06
239233,6.912e-06
239262,4.992e-05
239366,1.5616e-05
239369,7.1936e-05
239402,1.3056e-05
239454,4.736e-05
239476,7.168e-06
239502,1.7408e-05
239567,1.792e-06
239569,1.92e-05
239575,1.2032e-05
239595,2.5856e-05
239697,4.608e-06
239746,7.5264e-05
239767,0.000141312
239838,1.5616e-05
239865,1.1008e-05
239885,7.9104e-05
239931,6.4256e-05
239960,3.5072e-05
240016,9.8304e-05
240043,1.024e-06
240187,3.6096e-05
240229,9.216e-06
240235,1.28e-06
240264,5.632e-06
240345,7.936e-06
240364,0.000793856
240453,8.96e-06
240504,2.2272e-05
240574,8.7552e-05
240623,8.192e-05
240651,9.4976e-05
240675,2.0736e-05
240702,6.6816e-05
240751,8.704e-06
240803,3.84e-06
240827,1.7152e-05
240834,2.304e-06
240836,6.4768e-05
240861,2.816e-05
240958,2.2528e-05
240961,0.000728832
240975,0.000603904
241072,2.7136e-05
241149,2.3552e-05
241201,8.6272e-05
241235,9.472e-06
241276,6.7328e-05
241367,6.8864e-05
241413,0.000123648
241425,2.8672e-05
241444,6.912e-06
241467,2.3296e-05
241495,6.4e-05
241546,7.424e-06
241554,5.376e-06
241559,7.1424e-05
241562,0.00040064
241624,3.2256e-05
241672,3.0464e-05
241685,0.001888256
241718,1.4592e-05
241770,1.1008e-05
241805,9.984e-06
241852,2.9696e-05
241947,5.8624e-05
241979,4.096e-05
242088,3.3792e-05
242124,6.0928e-05
242163,3.328e-06
242249,8.448e-06
242314,7.936e-06
242328,3.328e-06
242372,0.000180224
242408,3.328e-06
242449,3.2512e-05
242488,2.5856e-05
242665,4.7616e-05
242751,5.6576e-05
242769,1.7408e-05
242825,3.0208e-05
242885,5.2992e-05
242909,3.9936e-05
242928,5.632e-06
242932,1.7152e-05
242956,3.4816e-05
242960,8.704e-06
243008,4.6848e-05
243041,9.216e-06
243060,5.888e-06
243076,2.4576e-05
243116,1.8944e-05
243158,0.00082688
243253,6.1952e-05
243284,1.0752e-05
243298,3.6608e-05
243320,4.0704e-05
243327,1.3568e-05
243348,1.664e-05
243453,1.9712e-05
243533,1.92e-05
243554,4.5056e-05
243560,1.6128e-05
243585,0.000188928
243652,7.936e-06
243703,1.7152e-05
243718,5.888e-06
243751,3.072e-05
243788,7.9872e-05
243827,2.176e-05
243877,8.5248e-05
243901,1.3568e-05
243929,1.536e-06
243958,8.7808e-05
243963,0.00014592
243988,2.9184e-05
244052,9.216e-06
244096,8.8576e-05
244158,8.704e-06
244205,2.176e-05
244347,1.792e-05
244401,6.656e-06
244455,4.8128e-05
244496,7.68e-06
244537,4.608e-05
244549,0.000279552
244565,0.000303616
244656,2.8416e-05
244667,5.4016e-05
244694,4.224e-05
244737,9.728e-06
244745,1.5616e-05
244747,4.5568e-05
244748,0.000761088
244818,1.024e-05
244892,2.304e-05
244904,5.9648e-05
244953,0.001362688
244984,0.000228608
244992,0.00058368
245055,0.000534528
245137,5.8624e-05
245218,0.000243712
245219,0.000782848
245256,0.000623104
245314,2.9696e-05
245350,3.2512e-05
245386,1.664e-05
245410,5.376e-06
245423,1.5616e-05
245436,2.176e-05
245472,0.000192256
245524,1.5104e-05
245572,5.376e-06
245575,0.0001472
245605,5.632e-05
245709,4.7104e-05
245723,3.456e-05
245766,5.5552e-05
245812,2.048e-05
245833,1.5872e-05
245856,8.8064e-05
245857,0.00029824
245892,4.0704e-05
245905,4.8896e-05
245938,0.000114176
245946,0.00221696
246011,1.0496e-05
246025,0.00068992
246093,4.1472e-05
246203,2.048e-06
246205,2.0224e-05
246223,2.2528e-05
246265,3.3024e-05
246323,3.6864e-05
246339,4.864e-06
246361,0.000424704
246401,0.001361408
246404,0.00049024
246508,4.1984e-05
246523,7.936e-06
246564,0.004446464
246582,0.0001792
246633,0.001060608
246644,0.000393472
246676,0.0002368
246706,3.6096e-05
246716,0.000438272
246807,2.56e-05
246829,6.0672e-05
246833,0.00079488
246873,6.656e-06
246921,0.00178816
246997,9.088e-05
247138,2.944e-05
247205,4.096e-05
247255,9.856e-05
247307,8.704e-06
247365,0.000530944
247405,1.792e-05
247463,2.5856e-05
247482,7.424e-05
247508,2.5344e-05
247533,0.000653568
247559,0.000206336
247577,0.001888512
247671,0.000159232
247697,0.000195328
247717,5.504e-05
247770,4.3776e-05
247779,3.3536e-05
247851,0.000479232
247918,0.000255488
247927,3.6608e-05
247955,0.000609536
247989,0.001237248
248040,1.3824e-05
248112,0.0019328
248145,0.000233216
248166,0.00051712
248213,1.4592e-05
248221,9.472e-05
248330,6.2208e-05
248332,0.00045824
248358,3.8912e-05
248361,0.012465152
248437,0.00012416
248576,3.072e-06
248597,0.000642816
248631,1.4592e-05
248680,0.000498688
248728,2.0736e-05
248783,0.000103168
248821,0.0
248864,5.376e-06
248879,8.1664e-05
248905,0.00050304
248934,0.000207616
248952,0.000159744
248974,1.0752e-05
248987,0.000688128
249035,2.048e-05
249077,0.000575488
249140,0.000170752
249183,0.000771072
249211,0.000365056
249252,0.00091264
249321,1.9456e-05
249351,0.000277504
249363,0.000716288
249374,0.000149248
249401,0.001160448
249446,4.0704e-05
249492,1.024e-06
249495,3.7632e-05
249533,5.376e-06
249543,0.000129792
249570,0.00245248
249645,1.3568e-05
249652,1.28e-06
249664,0.00018816
249713,0.000651008
249739,2.2016e-05
249772,0.000395776
249865,3.8656e-05
249890,0.002208256
249948,1.1776e-05
249956,1.408e-05
249959,0.000306944
250012,6.3488e-05
250035,9.7792e-05
250085,2.2016e-05
250120,0.000555264
250356,5.0176e-05
250375,0.000102144
250377,0.000278528
250419,0.00077696
250458,5.888e-06
250498,9.856e-05
250547,1.152e-05
250557,3.2e-05
250600,0.000106496
250625,7.0144e-05
250650,4.9152e-05
250697,0.000149248
250727,7.8848e-05
250756,0.001454592
250808,6.2208e-05
250900,3.584e-05
250920,3.8656e-05
250932,3.584e-06
250956,8.0128e-05
251063,1.024e-06
251085,4.7616e-05
251120,1.3312e-05
251156,6.4e-06
251205,5.632e-06
251206,0.0006912
251232,0.00093568
251287,4.096e-06
251307,3.84e-06
251339,8.5248e-05
251382,0.00018816
251410,2.5344e-05
251450,9.984e-06
251470,2.56e-06
251478,4.7872e-05
251491,6.144e-06
251509,0.000129536
251542,1.3056e-05
251587,4.608e-05
251593,0.00013824
251643,6.0672e-05
251699,3.8144e-05
251752,0.000909312
251809,0.0010624
251854,0.000109056
251869,0.00098304
251967,2.8416e-05
252039,3.1744e-05
252058,4.096e-06
252065,0.000455168
252176,1.3568e-05
252210,5.9648e-05
252233,0.00031616
252340,8.064e-05
252352,1.8944e-05
252359,1.0752e-05
252434,7.5008e-05
252457,1.664e-05
252477,4.864e-05
252510,2.3296e-05
252542,1.28e-05
252610,0.000103936
252667,4.5824e-05
252795,4.0192e-05
252816,0.000254976
252885,3.7376e-05
252889,7.424e-06
252923,1.0496e-05
252945,2.9952e-05
252956,4.0704e-05
253027,7.168e-06
253033,2.304e-06
253042,2.4576e-05
253068,2.56e-06
253084,0.000119296
253106,4.48e-05
253117,0.00010496
253119,0.000478464
253156,0.001225472
253167,0.00051456
253186,0.001148416
253223,2.9184e-05
253250,5.504e-05
253287,0.00014464
253349,3.0464e-05
253373,0.001810688
253427,5.4528e-05
253458,1.3568e-05
253490,1.8688e-05
253517,1.28e-06
253556,6.3744e-05
253565,0.001215744
253649,2.432e-05
253656,3.6864e-05
253731,0.000369152
253732,0.0011136
253808,6.6816e-05
253858,0.000152832
253866,7.68e-05
253889,0.000542464
254039,3.5072e-05
254056,4.0704e-05
254142,0.001534464
254168,5.1968e-05
254169,2.7904e-05
254181,0.000292608
254276,2.2528e-05
254300,0.000731904
254369,1.2288e-05
254401,0.000141824
254454,0.000171264
254491,3.2e-05
254504,3.1232e-05
254546,2.5088e-05
254593,8.448e-06
254660,6.144e-06
254701,1.7664e-05
254716,0.002222592
254750,0.001456128
254813,0.002018048
254828,0.000432128
254847,0.000127488
254997,1.8688e-05
255007,1.8944e-05
255025,3.2256e-05
255049,3.3024e-05
255057,0.001307648
255091,0.000129536
255182,3.8144e-05
255237,1.4848e-05
255256,0.000174848
255356,5.632e-06
255370,9.1392e-05
255424,2.304e-05
255449,8.192e-06
255458,4.352e-05
255475,4.864e-05
255487,0.000966144
255488,0.000206592
255561,5.6064e-05
255592,0.000134144
255660,1.2544e-05
255689,1.024e-05
255752,6.2464e-05
255821,1.4592e-05
255959,0.001615104
255985,0.000100096
256091,2.2016e-05
256187,2.2016e-05
256254,9.984e-06
256293,1.28e-05
256392,2.9696e-05
256434,0.000124672
256455,1.2544e-05
256487,8.448e-06
256521,0.000100096
256545,0.001653504
256609,0.000218368
256753,3.584e-05
256787,3.3792e-05
256790,5.1456e-05
256822,3.2768e-05
256892,6.6048e-05
256987,4.608e-06
256996,0.000628736
257107,2.1504e-05
257140,2.6368e-05
257145,0.000172032
257267,1.28e-05
257321,2.7648e-05
257367,2.56e-07
257377,3.2768e-05
257401,1.152e-05
257412,4.096e-05
257450,6.7584e-05
257525,4.864e-06
257543,2.6112e-05
257604,2.048e-06
257756,0.000152064
257910,3.1744e-05
257924,8.704e-06
257955,0.000105728
257972,1.9712e-05
257992,1.7408e-05
258017,1.8688e-05
258142,1.28e-05
258185,4.2496e-05
258413,9.984e-06
258522,1.6896e-05
258542,0.000178176
258640,4.1472e-05
258718,3.9424e-05
258806,1.1776e-05
258958,0.000224512
258966,0.000323072
259069,3.328e-06
259160,5.12e-06
259181,1.6128e-05
259193,5.5552e-05
259234,2.2016e-05
259244,1.28e-06
259267,0.000123392
259298,3.1232e-05
259351,5.632e-05
259369,1.6896e-05
259464,4.864e-05
259475,0.000110592
259507,1.1264e-05
259545,3.0464e-05
259561,5.9904e-05
259562,7.6544e-05
259652,7.168e-06
259673,9.6256e-05
259735,0.000120576
259808,8.96e-05
259841,1.152e-05
259875,0.000101632
259938,6.0416e-05
259964,1.0752e-05
260024,9.472e-06
260105,3.5328e-05
260133,2.2528e-05
260200,0.000104448
260306,9.6e-05
260347,2.2784e-05
260432,0.000121856
260479,4.3008e-05
260500,1.1008e-05
260525,7.68e-06
260536,1.5872e-05
260649,0.000167424
260757,3.7888e-05
260768,1.152e-05
260838,1.3824e-05
260852,2.8672e-05
260925,3.712e-05
260987,0.00014464
261034,2.304e-06
261087,3.9424e-05
261097,0.0006464
261262,0.000324096
261281,2.6624e-05
261335,4.608e-06
261343,0.001132544
261356,0.000328448
261364,0.00423296
261425,0.003041536
261479,5.504e-05
261508,3.328e-06
261554,9.216e-05
261604,2.5088e-05
261651,0.0001088
261676,4.8384e-05
261698,7.68e-07
261891,0.000315648
261958,5.12e-07
261962,2.2272e-05
262031,2.9696e-05
262067,1.408e-05
262215,1.7152e-05
262272,0.000296704
262354,0.000159232
262385,7.6544e-05
262453,0.000100864
262485,0.000118528
262546,7.7056e-05
262557,0.000181248
262559,0.000120832
262655,2.2528e-05
262691,5.76e-05
262753,1.1008e-05
262778,1.2032e-05
262809,3.5584e-05
262830,1.152e-05
262879,6.8096e-05
262893,9.0112e-05
262908,2.8416e-05
262962,7.68e-06
262999,3.84e-06
263112,3.456e-05
263304,5.3248e-05
263445,7.2704e-05
263489,5.4784e-05
263527,9.2928e-05
263596,1.3312e-05
263646,3.4816e-05
263681,8.96e-06
263702,1.5104e-05
263727,1.024e-06
263764,7.936e-06
263767,0.000113408
263768,0.000184576
263881,4.4544e-05
263953,4.6336e-05
264034,8.192e-05
264076,0.000310784
264100,6.4e-06
264204,1.28e-05
264258,2.5856e-05
264347,2.0736e-05
264450,5.888e-06
264481,1.408e-05
264567,3.328e-06
264587,7.7568e-05
264664,9.344e-05
264685,4.3776e-05
264694,3.712e-05
264727,2.56e-07
264765,6.9376e-05
264844,8.704e-06
264867,3.0976e-05
264883,5.376e-05
264945,5.888e-06
264993,2.176e-05
265002,0.001942784
265047,4.096e-06
265093,1.0496e-05
265162,8.32e-05
265236,0.000201984
265303,9.216e-06
265324,4.5568e-05
265353,6.9376e-05
265473,0.002826752
265556,1.92e-05
265584,0.000198144
265695,1.8176e-05
265747,5.632e-06
265797,1.536e-05
265866,2.816e-06
265953,6.5024e-05
265970,1.024e-05
265997,7.68e-07
266090,5.4528e-05
266139,9.728e-06
266145,3.968e-05
266169,8.448e-06
266213,7.6288e-05
266295,8.704e-06
266403,5.2736e-05
266463,4.864e-05
266478,1.7664e-05
266572,2.048e-06
266592,0.000168704
266641,3.456e-05
266757,7.936e-06
266769,0.000435456
266827,7.68e-07
266836,8.3968e-05
266878,6.144e-06
266915,3.0208e-05
266935,1.8944e-05
267015,3.6608e-05
267067,3.2768e-05
267104,0.000157696
267207,5.2224e-05
267307,1.024e-05
267362,6.016e-05
267371,0.000512768
267385,5.5808e-05
267484,3.6352e-05
267528,9.216e-06
267675,4.608e-05
267734,1.408e-05
267773,0.000155392
267816,6.8352e-05
267830,4.5824e-05
267842,1.792e-05
267881,5.12e-06
267948,1.3312e-05
267955,1.3056e-05
267968,0.000439808
268047,6.4e-06
268107,4.992e-05
268163,7.3216e-05
268190,8.1152e-05
268244,4.352e-06
268276,1.0496e-05
268287,1.28e-06
268338,4.096e-06
268520,1.1008e-05
268532,4.6848e-05
268560,0.000197376
268562,9.472e-05
268618,3.7888e-05
268672,6.656e-06
268687,7.168e-05
268802,4.736e-05
268812,4.352e-06
268907,1.792e-06
268935,1.1008e-05
268965,3.84e-05
268980,1.536e-06
269095,6.8608e-05
269130,6.9888e-05
269207,0.000153856
269320,1.152e-05
269344,5.9136e-05
269356,4.1216e-05
269393,8.704e-06
269447,5.376e-05
269568,2.5088e-05
269667,1.3568e-05
269712,4.9408e-05
269724,3.0464e-05
269759,3.6096e-05
269760,0.000489728
269815,4.8384e-05
269824,3.7888e-05
269898,3.072e-05
269923,6.144e-06
269959,2.56e-06
269971,2.304e-06
269981,0.000105728
270051,2.4576e-05
270118,3.584e-05
270142,2.432e-05
270233,9.1136e-05
270244,6.1952e-05
270272,0.000632576
270357,0.00050432
270393,8.6528e-05
270460,4.9664e-05
270535,9.728e-06
270575,1.408e-05
270608,4.8384e-05
270754,2.2528e-05
270802,4.3264e-05
270876,5.4528e-05
270883,1.4848e-05
270945,7.68e-07
270957,0.0001408
270985,7.936e-06
270997,0.000309248
271037,3.328e-05
271049,3.2512e-05
271058,2.4832e-05
271102,2.3552e-05
271147,1.792e-05
271155,1.6896e-05
271223,0.0001024
271256,9.344e-05
271275,0.000127232
271285,0.000832
271345,3.5328e-05
271372,1.3312e-05
271400,1.024e-06
271510,3.1744e-05
271515,1.3056e-05
271545,2.2272e-05
271559,9.2416e-05
271584,0.000210688
271618,0.000304384
271671,2.2784e-05
271734,0.000288512
271757,0.000414208
271794,1.0752e-05
271804,4.0704e-05
271827,0.00157952
271845,0.000710912
271930,2.2272e-05
271964,4.352e-06
272013,0.00058112
272055,5.12e-07
272122,7.168e-06
272165,0.000322048
272189,8.6016e-05
272211,0.000634624
272275,1.8688e-05
272358,1.7408e-05
272370,0.000631808
272400,0.000174592
272439,0.000119552
272475,2.4832e-05
272487,3.2768e-05
272528,0.000176128
272563,7.168e-05
272572,3.6608e-05
272621,0.00012032
272655,6.7328e-05
272678,1.536e-06
272692,4.0704e-05
272702,0.000133888
272705,0.000133376
272763,4.352e-05
272766,0.000301824
272790,2.8928e-05
272805,0.000404224
272901,1.792e-05
272935,8.4736e-05
272962,4.0192e-05
273012,5.632e-06
273129,9.728e-06
273133,1.152e-05
273176,0.000237056
273215,2.432e-05
273222,2.048e-06
273250,0.00046592
273265,0.00015744
273340,0.000207104
273353,2.4832e-05
273370,0.000227328
273379,0.001471744
273396,6.656e-06
273455,0.00061952
273461,0.002298624
273520,4.9664e-05
273599,2.6368e-05
273604,0.000607232
273639,1.6384e-05
273656,1.1776e-05
273692,0.000117248
273732,3.328e-05
273758,7.2704e-05
273812,6.528e-05
273829,1.792e-05
273898,7.168e-05
273910,0.0003392
273966,0.000881152
274005,5.632e-06
274028,2.7904e-05
274050,2.304e-05
274086,3.1488e-05
274135,0.000118016
274266,1.4336e-05
274420,7.936e-06
274437,0.000138752
274478,2.7392e-05
274546,3.3792e-05
274558,2.2784e-05
274604,0.000166656
274648,0.000282112
274680,1.536e-05
274694,1.024e-06
274787,2.816e-05
274807,1.6384e-05
274866,3.3024e-05
274881,3.072e-05
274917,6.144e-05
274935,3.7888e-05
274939,3.0208e-05
275006,4.864e-06
275018,4.1728e-05
275036,0.003121408
275086,1.1264e-05
275125,1.8176e-05
275145,2.4064e-05
275159,3.6608e-05
275206,0.000330752
275247,0.000148736
275288,1.28e-05
275305,3.2256e-05
275348,1.792e-05
275373,2.0992e-05
275396,6.4256e-05
275407,1.152e-05
275436,9.8816e-05
275456,0.000336896
275476,0.001006592
275537,3.072e-05
275574,1.8176e-05
275580,1.664e-05
275590,0.000219904
275605,0.000325888
275621,7.4496e-05
275631,0.000145664
275676,1.536e-06
275693,4.096e-06
275709,3.6864e-05
275723,8.832e-05
275738,0.000805632
275763,0.005658112
275844,1.2288e-05
275878,7.0144e-05
275900,5.0688e-05
275932,0.003045632
276012,1.4848e-05
276101,0.00027392
276135,0.000122624
276159,0.000113152
276252,3.8656e-05
276316,0.000154112
276350,8.5248e-05
276381,1.1776e-05
276448,1.4336e-05
276491,0.000196608
276534,4.2496e-05
276547,7.6288e-05
276565,2.6368e-05
276634,0.000256
276658,3.712e-05
276701,6.2208e-05
276716,7.168e-06
276747,1.7408e-05
276788,2.56e-06
276807,2.816e-05
276823,4.1984e-05
276893,3.072e-06
276898,3.2512e-05
276928,1.1264e-05
276946,0.00028416
276959,0.000883712
277011,6.4e-06
277071,0.002609664
277144,8.192e-06
277150,1.6384e-05
277183,1.4592e-05
277198,6.5024e-05
277316,0.000104704
277377,4.096e-06
277396,1.6128e-05
277406,7.68e-06
277440,2.4832e-05
277447,6.528e-05
277462,0.000122112
277540,5.6832e-05
277553,8.8832e-05
277568,0.000393216
277652,2.688e-05
277695,3.712e-05
277739,1.2544e-05
277750,7.7568e-05
277892,9.0368e-05
277959,0.000396032
277999,5.6832e-05
278046,7.1168e-05
278048,0.000620288
278070,0.000444928
278145,0.000181248
278164,0.000494848
278185,9.856e-05
278233,4.4544e-05
278249,1.792e-06
278277,6.656e-06
278308,4.1984e-05
278310,1.408e-05
278394,7.936e-06
278401,9.728e-06
278498,1.7408e-05
278506,0.000182528
278524,0.000420096
278588,1.408e-05
278592,1.4848e-05
278652,2.8672e-05
278699,4.2752e-05
278730,5.2992e-05
278761,1.1776e-05
278775,2.944e-05
278780,0.000137984
278784,4.0192e-05
278818,7.68e-06
278823,7.0144e-05
278850,2.1504e-05
278952,1.664e-05
279051,9.728e-06
279078,0.001476352
279142,3.1232e-05
279174,7.68e-06
279187,0.00019712
279252,0.000276224
279279,9.0112e-05
279326,1.3056e-05
279337,7.9104e-05
279374,1.5104e-05
279401,6.2464e-05
279410,5.8368e-05
279440,7.5264e-05
279547,5.8368e-05
279554,0.000192256
279598,5.4528e-05
279604,0.000400896
279654,8.8576e-05
279686,3.4048e-05
279767,9.2416e-05
279802,0.000118528
279907,0.000101632
279963,0.00010496
279993,8.704e-05
280049,3.072e-05
280080,0.000427008
280143,1.536e-06
280160,0.000246272
280223,6.0672e-05
280245,3.3024e-05
280302,1.92e-05
280310,1.9968e-05
280349,1.9712e-05
280367,0.000154624
280445,1.4848e-05
280452,0.000623616
280545,4.352e-06
280556,0.000942848
280617,3.84e-06
280627,0.00026752
280684,7.168e-06
280713,1.2544e-05
280748,0.000568064
280786,0.000132096
280855,0.000462848
280967,3.7376e-05
281007,7.68e-07
281043,0.000109568
281064,0.000103168
281103,5.8624e-05
281122,0.001928192
281152,0.000406528
281164,0.000117504
281278,1.5104e-05
281331,8.4224e-05
281346,2.4576e-05
281378,1.2032e-05
281429,7.7312e-05
281489,1.3568e-05
281680,7.2704e-05
281702,0.000244224
281785,0.000141056
281848,6.3232e-05
281872,0.00016
281893,3.4048e-05
281938,5.3504e-05
281993,1.5616e-05
282009,0.000997376
282050,0.000265984
282085,5.4528e-05
282164,0.000698624
282198,4.7104e-05
282245,2.56e-06
282262,0.000176384
282286,5.632e-05
282334,1.1776e-05
282357,0.000248064
282427,4.352e-05
282452,3.072e-06
282501,2.816e-06
282560,2.2272e-05
282583,0.00066816
282627,2.9184e-05
282650,7.68e-07
282688,5.0176e-05
282727,3.7632e-05
282731,0.002143488
282794,3.328e-06
282823,0.000509696
282890,3.2e-05
282904,0.000616192
282939,7.0656e-05
282965,0.000973824
283012,7.68e-07
283029,4.8384e-05
283082,1.5616e-05
283136,1.3568e-05
283145,1.4336e-05
283212,1.792e-06
283227,4.3776e-05
283258,3.328e-06
283287,2.8672e-05
283312,4.6336e-05
283329,4.2496e-05
283405,1.6128e-05
283420,8.4224e-05
283457,1.8176e-05
283476,2.688e-05
283524,0.0005056
283555,0.000423936
283653,2.7904e-05
283714,0.000758016
283748,2.3296e-05
283805,2.304e-06
283824,5.376e-06
283850,0.000112128
283982,0.000122368
284043,1.024e-05
284065,2.816e-06
284106,2.3296e-05
284135,4.2496e-05
284142,6.4e-06
284167,0.000155136
284202,3.3792e-05
284234,0.000192256
284295,7.936e-06
284331,0.000220672
284425,0.00063488
284469,2.0992e-05
284507,1.8688e-05
284530,3.4304e-05
284564,0.00016256
284576,0.000247808
284682,2.2272e-05
284721,8.96e-06
284757,0.000284928
284769,3.7632e-05
284814,9.216e-06
284839,8.704e-06
284879,3.3024e-05
284938,2.56e-07
284977,0.000150528
285096,2.4832e-05
285140,2.7904e-05
285174,4.9152e-05
285236,5.4272e-05
285316,2.816e-06
285331,0.001517824
285360,1.3824e-05
285431,1.0752e-05
285442,5.76e-05
285485,6.5024e-05
285516,5.12e-06
285531,5.12e-07
285557,3.9168e-05
285591,2.1248e-05
285608,0.0
285643,0.00015872
285695,1.1008e-05
285714,6.656e-06
285716,8.448e-06
285755,1.3056e-05
285836,2.2528e-05
285907,2.5088e-05
285922,1.152e-05
285935,0.00029824
285954,1.28e-05
285966,4.0448e-05
285975,4.7872e-05
285996,2.56e-06
286013,1.5104e-05
286029,4.864e-06
286055,1.792e-05
286078,4.4544e-05
286112,0.000129024
286138,1.1264e-05
286160,2.2016e-05
286238,0.000132864
286271,2.1504e-05
286315,6.912e-06
286362,0.000461568
286406,0.000148224
286413,0.001101824
286487,3.072e-06
286537,0.0008896
286563,0.000178176
286584,0.000217856
286623,3.8912e-05
286648,3.7888e-05
286665,0.000423936
286695,9.8048e-05
286729,4.096e-05
286799,3.328e-06
286812,0.001029888
286879,2.816e-06
286899,0.001018624
286909,0.000539904
286968,2.56e-07
287013,1.5872e-05
287071,6.4e-05
287128,7.936e-06
287159,0.000297472
287180,9.984e-06
287247,1.9968e-05
287255,0.001630976
287333,0.000344576
287371,7.2704e-05
287410,1.28e-06
287425,3.4304e-05
287469,7.424e-06
287472,7.424e-06
287496,8.4736e-05
287527,2.3552e-05
287562,0.000253696
287628,0.00011008
287670,1.1776e-05
287678,0.000226304
287711,0.0009984
287768,0.000712448
287811,7.68e-06
287821,4.1984e-05
287840,3.5328e-05
287882,1.664e-05
287899,7.424e-06
287968,0.000108288
287999,0.000305152
288048,7.68e-07
288077,5.2736e-05
288104,4.864e-06
288108,1.3824e-05
288176,3.0976e-05
288257,4.4032e-05
288347,9.856e-05
288395,2.7648e-05
288497,4.864e-05
288518,0.00027008
288615,5.76e-05
288621,0.000388096
288655,4.4288e-05
288700,8.0128e-05
288718,6.4e-05
288811,6.9888e-05
288839,1.8176e-05
288864,5.888e-06
288897,7.68e-06
288917,8.2688e-05
288962,5.0432e-05
289020,3.584e-06
289030,1.792e-05
289055,0.000250112
289075,0.000449024
289214,8.2688e-05
289263,8.4736e-05
289418,2.9696e-05
289461,1.9712e-05
289487,9.472e-05
289513,7.1936e-05
289537,6.144e-05
289559,6.784e-05
289609,1.7152e-05
289645,7.0656e-05
289711,4.096e-06
289751,6.3488e-05
289795,3.1744e-05
289864,0.000126208
289889,9.216e-06
289964,0.000494336
289992,0.000168192
290046,5.9904e-05
290048,3.328e-06
290071,8.704e-06
290084,0.000641792
290238,0.000598016
290292,0.000129536
290335,9.4464e-05
290379,4.5824e-05
290424,6.5024e-05
290486,6.1696e-05
290530,6.4e-06
290567,1.3312e-05
290608,0.000184576
290659,1.664e-05
290670,7.168e-05
290701,0.000205056
290717,7.6032e-05
290756,6.272e-05
290761,0.000339712
290798,0.000118528
290827,5.888e-06
290847,6.9888e-05
290864,0.000125952
290881,9.984e-06
290970,2.5344e-05
291000,0.00011008
291156,2.688e-05
291287,1.024e-05
291307,2.4064e-05
291326,4.352e-06
291335,4.864e-06
291390,0.00015872
291429,3.2e-05
291463,9.6512e-05
291488,6.144e-06
291505,3.328e-05
291534,8.6784e-05
291651,2.432e-05
291748,5.0176e-05
291754,0.0001536
291785,2.6624e-05
291845,1.024e-05
291895,1.6896e-05
291915,5.632e-06
291933,2.56e-06
291934,4.1984e-05
291959,3.072e-06
291968,0.000289536
291994,0.000568576
292040,3.072e-06
292053,0.000229632
292137,4.2752e-05
292250,8.448e-05
292369,6.144e-06
292414,7.936e-06
292435,2.1248e-05
292442,8.448e-06
292495,4.736e-05
292514,5.7856e-05
292565,0.000118272
292642,1.6128e-05
292655,6.0672e-05
292659,0.000453376
292684,9.8048e-05
292796,2.9184e-05
292855,0.000435456
292868,3.7888e-05
292948,5.0688e-05
292954,0.000619264
292977,4.8128e-05
293121,2.56e-05
293153,1.664e-05
293166,0.000906496
293218,1.92e-05
293258,4.096e-06
293295,6.144e-06
293304,0.000287744
293359,1.7408e-05
293399,8.6528e-05
293443,1.4336e-05
293571,9.5488e-05
293614,1.8432e-05
293641,2.7904e-05
293667,1.024e-05
293687,3.84e-05
293703,0.000379648
293705,0.000615168
293743,2.9696e-05
293784,4.9664e-05
293799,0.000150528
293837,1.1776e-05
293854,1.6384e-05
293872,3.9168e-05
293899,1.5104e-05
293946,0.001257216
294019,7.6544e-05
294032,0.000183552
294063,4.5056e-05
294076,1.3312e-05
294140,1.6896e-05
294193,2.5344e-05
294231,0.000215296
294253,0.000255744
294255,0.000684032
294282,7.424e-06
294296,0.000678144
294316,0.000214272
294358,3.328e-06
294362,0.001073408
294392,0.000199424
294427,2.5344e-05
294432,0.00017408
294471,3.9168e-05
294562,0.00033152
294666,1.024e-06
294700,6.2208e-05
294735,0.001047808
294906,4.608e-06
294958,2.816e-06
294965,0.000848128
295009,4.9152e-05
295048,3.584e-05
295120,2.8672e-05
295142,7.68e-06
295160,7.936e-05
295165,3.5072e-05
295200,0.000151552
295255,2.3808e-05
295315,2.4576e-05
295333,0.001380608
295445,1.6896e-05
295465,0.000219136
295499,1.536e-05
295559,0.000639744
295584,0.000343808
295640,2.816e-06
295699,5.5808e-05
295717,7.68e-07
295751,2.4832e-05
295760,0.000771328
295767,0.000298496
295848,1.5872e-05
295882,2.176e-05
295947,5.0176e-05
295966,1.4336e-05
296011,4.608e-06
296062,2.2784e-05
296086,6.0416e-05
296101,0.00011776
296140,6.6048e-05
296145,0.001170432
296165,0.00067968
296198,0.001511936
296267,5.632e-06
296274,5.4528e-05
296296,1.4336e-05
296311,8.96e-06
296350,4.6592e-05
296395,6.4256e-05
296403,5.8112e-05
296424,6.5792e-05
296449,0.000126464
296499,1.8432e-05
296600,1.92e-05
296620,8.448e-06
296638,6.2464e-05
296695,0.00013312
296743,8.192e-06
296758,0.001422592
296855,4.8128e-05
296879,4.5312e-05
296909,7.0144e-05
296936,1.5104e-05
296960,1.9712e-05
296972,4.0192e-05
297000,3.2e-05
297023,2.1248e-05
297067,1.792e-06
297113,6.4256e-05
297151,9.728e-06
297161,0.000839168
297246,0.000133376
297356,0.000105216
297361,0.000311296
297431,0.000159744
297446,0.000365312
297527,2.432e-05
297590,7.0912e-05
297682,0.000175872
297725,2.816e-06
297727,3.1232e-05
297760,2.176e-05
297794,6.2464e-05
297830,1.8688e-05
297851,5.1712e-05
297878,5.376e-06
297887,0.000380928
297923,6.6816e-05
297936,2.816e-05
297946,3.584e-05
298078,1.408e-05
298158,3.5328e-05
298163,5.4528e-05
298196,3.8912e-05
298241,5.0688e-05
298289,7.168e-06
298303,2.8672e-05
298307,0.000110848
298418,1.7408e-05
298421,0.000107008
298455,5.0432e-05
298508,7.8848e-05
298533,5.9136e-05
298551,3.2256e-05
298559,0.004530176
298608,3.4304e-05
298621,0.000178944
298661,0.000255488
298681,1.8688e-05
298691,0.000431872
298721,9.7536e-05
298751,0.000167424
298761,0.000206592
298771,5.0176e-05
298781,0.0002944
298791,4.4544e-05
298801,5.9392e-05
298811,0.000372224
298821,0.000336128
298831,6.144e-05
298841,0.00041344
298851,0.000515584
298861,0.000182016
298901,0.000255744
298911,5.376e-05
298931,2.8672e-05
298941,6.4e-06
298951,3.4304e-05
298981,7.168e-06
299075,6.5024e-05
299115,1.1264e-05
299119,8.2432e-05
299186,2.1504e-05
299247,1.1264e-05
299292,1.9456e-05
299336,0.00014848
299367,4.352e-05
299408,7.7056e-05
299468,1.6896e-05
299487,3.6608e-05
299528,1.7152e-05
299548,0.00011904
299616,3.8144e-05
299644,1.536e-06
299651,0.000112896
299721,6.2976e-05
299758,0.000268544
299764,0.001048832
299867,1.9456e-05
299940,2.5344e-05
299942,0.00311424
300049,0.000457984
300079,7.7056e-05
300203,0.00046464
300260,4.7104e-05
300330,4.608e-05
300349,4.864e-06
300364,0.001319168
300456,9.3184e-05
300549,1.3312e-05
300600,1.4336e-05
300637,1.4848e-05
300657,0.000213504
300728,4.608e-05
300797,3.8656e-05
300816,0.000460544
300862,2.6368e-05
300935,2.3552e-05
300959,0.0001088
300967,0.000680448
301054,8.192e-06
301063,2.56e-05
301102,3.3536e-05
301124,5.888e-05
301244,0.000872192
301301,2.3808e-05
301328,2.304e-06
301358,0.00022912
301438,9.728e-06
301446,5.3504e-05
301487,6.3232e-05
301503,1.5104e-05
301518,6.144e-06
301557,4.6848e-05
301569,0.000456448
301625,7.68e-07
301634,1.152e-05
301651,0.000490496
301757,3.1744e-05
301766,1.536e-06
301805,1.5104e-05
301816,4.5824e-05
301854,0.000196864
301921,0.0001792
301970,5.0688e-05
302010,1.5104e-05
302040,0.0012992
302130,0.00016256
302158,0.000161024
302163,0.000356096
302195,0.00139008
302285,3.968e-05
302317,7.5008e-05
302333,1.9712e-05
302387,7.168e-05
302441,0.00032384
302451,9.472e-06
302472,2.7648e-05
302502,8.32e-05
302644,1.28e-06
302695,2.176e-05
302705,0.000278272
302746,8.704e-06
302760,0.000102144
302761,0.000168192
302862,9.472e-06
302945,7.4496e-05
302983,2.8672e-05
303064,9.728e-06
303080,2.7136e-05
303091,2.048e-05
303135,5.8624e-05
303192,0.00221312
303295,0.000374528
303346,0.001206528
303378,0.000257792
303475,0.000378624
303577,4.3776e-05
303653,1.5872e-05
303736,2.4576e-05
303775,6.5792e-05
303828,0.000527104
303900,5.0688e-05
303954,3.584e-06
303957,0.000106752
303984,1.4848e-05
303996,4.5312e-05
304018,0.000573952
304045,1.4848e-05
304056,2.9696e-05
304077,0.0005184
304125,9.472e-06
304145,1.3056e-05
304153,1.2032e-05
304199,0.000579584
304216,0.000452096
304332,7.1424e-05
304336,0.000129024
304395,4.2496e-05
304398,0.001620992
304445,2.8672e-05
304453,4.7616e-05
304475,1.2032e-05
304488,0.00052608
304530,1.792e-06
304545,2.0992e-05
304564,0.00207232
304623,2.56e-06
304634,8.3968e-05
304667,0.000100608
304696,0.00049536
304762,0.000300544
304800,5.376e-05
304842,1.0752e-05
304863,0.002095104
304897,3.9936e-05
304950,0.000302592
304985,0.00054912
305018,6.9376e-05
305045,2.8416e-05
305062,0.000392192
305161,4.096e-06
305171,3.4304e-05
305223,3.7632e-05
305286,1.7664e-05
305288,2.816e-05
305312,1.4336e-05
305343,0.00025472
305457,0.000128
305524,2.7648e-05
305563,5.376e-06
305601,9.0112e-05
305626,0.00032256
305649,2.432e-05
305693,8.192e-06
305707,1.792e-05
305709,0.00232576
305749,1.9456e-05
305774,0.000171776
305841,0.000266496
305969,2.9184e-05
305993,5.2224e-05
306025,1.792e-06
306081,1.3312e-05
306089,6.2464e-05
306103,6.6816e-05
306132,4.6848e-05
306160,0.000177664
306185,5.632e-05
306218,1.8432e-05
306262,7.6032e-05
306337,3.328e-06
306346,0.00349056
306369,0.000545792
306422,0.000374784
306471,0.000676864
306516,5.12e-06
306531,0.001018368
306568,3.0208e-05
306601,4.3264e-05
306617,2.56e-07
306634,6.912e-06
306650,6.4256e-05
306674,5.3248e-05
306704,3.3536e-05
306734,1.024e-06
306765,2.56e-06
306778,1.4336e-05
306797,4.9664e-05
306865,8.6784e-05
306893,7.68e-06
306930,1.024e-05
306939,9.472e-06
307039,9.4976e-05
307054,0.000103424
307092,0.000217344
307122,0.002059008
307172,0.000342784
307175,4.5312e-05
307255,0.000152576
307302,3.2256e-05
307390,0.000632832
307421,0.000186112
307473,2.304e-06
307523,4.7872e-05
307546,0.00015616
307558,6.6048e-05
307564,0.002183936
307689,3.2e-05
307707,4.736e-05
307757,9.984e-06
307867,9.728e-06
307888,3.1232e-05
308016,3.8912e-05
308059,2.048e-05
308156,0.000171264
308236,0.0001088
308291,8.9344e-05
308375,3.3024e-05
308458,2.7392e-05
308493,6.8096e-05
308524,5.376e-06
308525,9.728e-06
308563,7.168e-06
308576,0.000137472
308600,0.001101312
308711,1.024e-06
308720,0.000229632
308745,2.0224e-05
308761,5.5808e-05
308764,5.2736e-05
308774,0.000141056
308791,0.000132608
308887,1.8176e-05
308938,6.8096e-05
308945,7.68e-07
308990,2.8416e-05
309053,3.6608e-05
309125,9.728e-06
309182,0.000259584
309267,6.656e-06
309316,2.816e-06
309358,0.000256256
309360,0.00090496
309427,5.888e-06
309521,2.3808e-05
309541,9.984e-06
309635,6.7584e-05
309643,5.504e-05
309663,0.00106624
309934,5.6064e-05
309958,0.000335616
309996,1.9456e-05
310048,0.000489728
310118,0.000704256
310206,0.000367104
310251,4.352e-06
310281,3.584e-06
310434,5.4784e-05
310465,8.96e-06
310512,2.944e-05
310525,8.1664e-05
310545,4.5312e-05
310565,0.000115968
310697,1.28e-06
310727,4.2752e-05
310784,4.4288e-05
310848,2.8672e-05
310870,7.2704e-05
310965,1.7664e-05
311015,1.4336e-05
311047,5.7856e-05
311161,4.3264e-05
311166,0.000413696
311243,2.0992e-05
311281,2.0224e-05
311367,1.792e-06
311415,2.048e-06
311532,3.9424e-05
311572,3.0976e-05
311607,4.864e-06
311633,7.2192e-05
311663,7.2192e-05
311676,4.5056e-05
311696,3.712e-05
311731,3.328e-06
311755,1.536e-06
311761,0.010125568
311862,4.9664e-05
311974,5.4528e-05
312012,1.7152e-05
312083,1.4592e-05
312126,6.9888e-05
312135,8.7552e-05
312325,6.3744e-05
312363,3.712e-05
312365,6.656e-06
312389,0.000174336
312413,3.712e-05
312425,2.304e-05
312564,3.3792e-05
312588,4.8384e-05
312597,1.664e-05
312681,4.2496e-05
312748,3.4304e-05
312760,7.168e-06
312820,7.424e-06
312895,4.5312e-05
312960,0.00027776
313008,4.9408e-05
313033,4.6848e-05
313070,5.12e-07
313076,9.5744e-05
313145,3.328e-06
313167,6.1696e-05
313181,1.3568e-05
313205,0.000633088
313265,4.096e-06
313290,3.7888e-05
313305,0.000759552
313470,3.1488e-05
313560,5.4528e-05
313593,4.864e-06
313677,4.096e-05
313693,0.002347264
313767,0.002668288
313859,6.8096e-05
313895,4.5568e-05
313984,2.304e-06
314008,1.9712e-05
314115,1.7664e-05
314146,7.0144e-05
314159,0.000104192
314165,0.005926144
314228,3.968e-05
314248,8.96e-06
314360,1.8432e-05
314387,2.304e-06
314455,5.3504e-05
314474,1.024e-06
314481,1.1008e-05
314539,1.5616e-05
314560,3.9168e-05
314677,1.2032e-05
314683,9.1904e-05
314701,0.00096256
314736,1.28e-06
314753,4.5312e-05
314862,3.584e-06
314923,3.5328e-05
315065,9.472e-06
315073,4.992e-05
315081,0.000544768
315125,2.0736e-05
315197,3.84e-06
315262,6.4768e-05
315345,4.1216e-05
315362,0.000172032
315434,3.2512e-05
315439,2.6368e-05
315507,7.68e-07
315550,1.024e-05
315577,6.3232e-05
315627,2.7904e-05
315638,4.608e-05
315845,1.152e-05
315942,2.2272e-05
315958,2.3296e-05
315962,0.003318784
316046,0.000485888
316077,1.1008e-05
316091,4.608e-06
316114,1.7664e-05
316126,1.7664e-05
316149,5.3504e-05
316238,1.1776e-05
316257,1.4848e-05
316307,0.000204544
316360,1.2544e-05
316401,1.3568e-05
316525,3.0464e-05
316580,2.304e-06
316610,0.000108032
316656,1.4848e-05
316692,1.536e-05
316720,1.536e-05
316806,4.8896e-05
316846,9.216e-06
316860,7.4496e-05
316898,0.000669696
316963,3.968e-05
316997,0.000392192
317089,2.2784e-05
317125,0.000119808
317159,0.000109824
317162,7.3472e-05
317197,5.5808e-05
317249,9.344e-05
317259,6.5792e-05
317343,1.2288e-05
317396,3.328e-05
317457,2.56e-06
317475,9.4208e-05
317492,0.000107776
317534,2.6112e-05
317607,8.96e-05
317621,5.4272e-05
317675,6.0928e-05
317688,4.6848e-05
317695,5.632e-06
317756,3.2256e-05
317759,0.00039936
317824,4.0704e-05
317896,1.664e-05
318045,3.3536e-05
318132,8.96e-05
318183,6.4256e-05
318259,5.2224e-05
318289,7.424e-06
318294,0.000121856
318354,0.000103936
318360,7.68e-06
318367,5.632e-05
318387,0.001252096
318484,7.808e-05
318489,9.984e-06
318504,0.000108032
318524,1.792e-05
318534,6.0416e-05
318554,1.5104e-05
318574,5.1968e-05
318584,1.7664e-05
318594,0.000544
318614,0.000153856
318654,0.000268288
318664,9.5744e-05
318674,0.00031872
318694,2.8928e-05
318714,0.000176384
318724,7.4752e-05
318734,0.000115456
318744,7.808e-05
318754,0.000187904
318764,8.7808e-05
318784,0.000226816
318804,0.000102912
318824,0.000250624
318834,6.8864e-05
318854,0.0001536
318864,0.000249088
318874,0.000199168
318894,0.00037248
318904,0.000205568
318914,0.000243712
318924,5.2736e-05
318934,0.00028672
318944,9.6e-05
318964,0.000296704
318974,0.00030336
318984,0.000115456
319001,1.28e-06
319014,0.000551424
319034,0.00046336
319044,0.0001344
319054,0.000276224
319084,0.000774656
319094,0.000571904
319114,0.000250368
319134,0.000454656
319144,0.000549632
319154,0.000311808
319164,0.000388864
319174,1.4592e-05
319194,0.000361984
319214,6.784e-05
319224,0.000667136
319234,0.000592896
319500,6.8864e-05
319509,2.2528e-05
319561,0.000268288
319728,2.816e-06
319775,9.984e-06
319815,4.096e-06
319840,5.5296e-05
319896,7.68e-07
319920,1.152e-05
319989,6.912e-05
320033,1.4592e-05
320060,3.584e-06
320115,5.2224e-05
320151,9.984e-06
320157,0.000145152
320198,4.992e-05
320300,0.000507648
320409,1.28e-05
320440,0.000109056
320484,0.00010752
320503,1.0752e-05
320516,0.0002688
320559,1.9456e-05
320574,2.1248e-05
320578,0.000132352
320647,3.328e-06
320662,5.12e-07
320754,6.7328e-05
320758,0.000933376
320857,3.3536e-05
320987,2.8416e-05
321034,7.936e-05
321039,0.00012672
321120,5.9136e-05
321143,2.56e-06
321158,0.00011392
321274,0.00054784
321328,0.000101888
321351,4.4544e-05
321357,2.5344e-05
321375,1.3056e-05
321505,7.8336e-05
321614,8.192e-06
321708,4.864e-06
321759,1.9456e-05
321878,2.7136e-05
321916,2.048e-06
321925,5.12e-06
321957,0.00012032
321960,4.1728e-05
322082,0.000182528
322130,0.00022144
322187,0.000101632
322211,3.0464e-05
322270,5.376e-06
322289,1.792e-06
322309,8.96e-06
322424,1.792e-06
322465,3.072e-06
322556,7.2704e-05
322591,1.5872e-05
322629,5.2736e-05
322650,2.56e-05
322707,3.328e-06
322718,8.6528e-05
322774,6.1952e-05
322809,8.448e-06
322851,8.96e-06
322885,1.792e-06
322903,5.376e-06
322995,4.352e-06
323047,5.9648e-05
323065,3.456e-05
323108,7.424e-06
323160,8.448e-06
323427,8.704e-06
323449,4.1728e-05
323565,1.6896e-05
323671,2.8416e-05
323721,0.000220416
323768,1.536e-06
323775,0.00025344
323809,6.4e-05
323847,2.048e-05
323911,6.4e-06
323951,1.6128e-05
324125,6.272e-05
324155,6.912e-05
324181,1.024e-06
324301,0.000121344
324361,0.002307072
324427,3.456e-05
324446,9.9584e-05
324584,5.5552e-05
324714,7.1424e-05
324765,4.864e-05
324796,3.5584e-05
324893,0.000132608
324959,3.4304e-05
324965,0.000218368
325044,9.728e-06
325069,2.2272e-05
325093,0.000139264
325230,0.000418304
325316,1.8176e-05
325353,2.0992e-05
325385,2.176e-05
325390,0.000462592
325417,5.2736e-05
325545,0.000196608
325556,4.1472e-05
325567,0.000495872
325613,3.3024e-05
325719,8.704e-06
325728,0.000244736
325767,1.28e-05
325822,4.096e-05
325904,7.8336e-05
325959,2.3296e-05
326008,2.048e-06
326106,0.000485632
326147,3.6864e-05
326294,3.2768e-05
326357,5.12e-05
326669,4.608e-05
326690,0.000109312
326711,9.984e-06
326721,6.0928e-05
326851,2.2016e-05
326947,3.584e-05
326980,9.6e-05
327002,7.936e-05
327080,1.152e-05
327179,6.912e-06
327211,4.2496e-05
327218,3.328e-06
327231,2.6368e-05
327267,7.68e-06
327289,1.024e-06
327356,1.024e-06
327468,2.3808e-05
327522,1.1264e-05
327627,5.3248e-05
327655,4.0192e-05
327683,7.8848e-05
327784,9.472e-06
327835,7.9616e-05
327868,1.8944e-05
327960,0.002524416
328020,4.3264e-05
328077,2.176e-05
328237,3.072e-06
328292,9.728e-06
328327,6.272e-05
328415,4.864e-06
328445,2.3808e-05
328483,8.704e-06
328524,3.328e-06
328561,0.000377344
328651,3.0976e-05
328747,5.632e-06
328907,4.352e-06
329140,5.2736e-05
329158,0.000301312
329273,0.000192
329410,7.0656e-05
329495,4.48e-05
329511,4.0704e-05
329540,1.7408e-05
329745,7.2704e-05
329757,0.000123392
329834,7.7056e-05
329838,2.56e-06
329877,0.000115456
329997,8.4992e-05
330116,9.7792e-05
330167,1.8944e-05
330174,0.00025472
330286,8.96e-06
330358,6.0672e-05
330407,4.5056e-05
330454,1.664e-05
330491,0.000125184
330614,4.1984e-05
330618,3.3024e-05
330644,1.3824e-05
330772,0.0001152
330785,0.00031488
330876,1.5104e-05
330907,4.608e-05
330960,0.000245248
331036,1.9968e-05
331074,6.5024e-05
331173,2.688e-05
331293,1.152e-05
331331,0.00043392
331364,5.2736e-05
331393,2.5088e-05
331428,8.9088e-05
331509,9.472e-06
331525,4.352e-05
331555,7.5008e-05
331562,7.5008e-05
331637,8.1152e-05
331729,8.704e-06
331740,1.2288e-05
331746,0.00022272
331794,0.000104704
331833,1.1008e-05
331850,6.5536e-05
331975,1.5616e-05
331976,2.4832e-05
332026,1.0752e-05
332098,2.304e-06
332129,3.072e-06
332145,2.2016e-05
332156,0.000186624
332167,7.2704e-05
332345,5.8624e-05
332372,1.8688e-05
332393,3.5072e-05
332505,0.00032768
332588,7.424e-06
332615,1.792e-06
332658,5.8368e-05
332682,7.68e-06
332761,0.000552448
332902,3.0464e-05
333003,6.8864e-05
333020,3.456e-05
333047,6.4e-06
333134,3.456e-05
333207,8.2688e-05
333293,0.000104192
333324,4.5568e-05
333343,8.704e-06
333368,1.4592e-05
333451,4.0448e-05
333462,2.6368e-05
333591,1.7408e-05
333637,2.8416e-05
333664,3.584e-05
333739,4.5312e-05
333766,0.000110592
333788,7.68e-06
333920,2.7136e-05
333946,0.000112128
333965,0.000947712
334036,2.3552e-05
334151,8.192e-06
334157,2.816e-06
334315,5.8112e-05
334342,3.0464e-05
334355,7.68e-07
334402,3.3792e-05
334463,1.536e-06
334541,7.936e-06
334556,0.000673024
334668,3.6864e-05
334839,1.4848e-05
334885,4.0704e-05
334912,2.944e-05
334952,4.3776e-05
334993,5.4528e-05
335111,1.152e-05
335159,9.8048e-05
335200,4.352e-05
335249,1.4848e-05
335305,0.000147456
335332,7.68e-07
335353,1.28e-05
335396,2.0224e-05
335436,2.3552e-05
335457,3.1744e-05
335531,8.8064e-05
335568,3.4816e-05
335586,3.3792e-05
335607,5.376e-06
335671,0.000170752
335756,0.000317184
335759,0.000201984
335842,2.2784e-05
335879,2.5856e-05
335898,5.632e-06
335954,3.2e-05
336003,4.736e-05
336074,2.1504e-05
336107,1.28e-06
336118,4.6848e-05
336145,1.2032e-05
336261,5.376e-06
336270,9.984e-06
336345,0.001742336
336389,5.4784e-05
336455,0.000125952
336482,3.8912e-05
336554,2.56e-05
336575,3.9168e-05
336611,5.5296e-05
336631,7.68e-07
336644,3.1744e-05
336677,8.8576e-05
336707,1.1776e-05
336727,0.0
336739,2.0992e-05
336786,8.192e-06
336796,4.096e-06
336820,5.12e-07
336952,1.664e-05
336969,0.000203008
336999,3.6352e-05
337045,1.408e-05
337174,7.2192e-05
337230,1.6384e-05
337276,7.9872e-05
337310,2.56e-06
337342,0.000160512
337364,7.168e-06
337374,6.2976e-05
337411,0.0
337467,0.000212736
337566,3.84e-06
337567,0.000285696
337595,7.424e-05
337613,4.352e-05
337683,4.864e-06
337718,9.1136e-05
337759,6.0416e-05
337806,2.7648e-05
337875,2.816e-06
337907,3.9424e-05
337921,8.832e-05
337979,6.144e-06
337997,0.000126976
338060,1.024e-05
338123,2.4576e-05
338146,8.9856e-05
338178,3.712e-05
338277,3.0208e-05
338375,1.2032e-05
338423,5.888e-06
338518,3.2256e-05
338539,3.072e-05
338577,9.728e-06
338629,7.168e-06
338685,0.000287232
338757,8.2944e-05
338759,0.0001216
338767,0.000163072
338839,7.8592e-05
338865,5.6576e-05
338905,3.0464e-05
338943,1.536e-05
339024,5.12e-06
339073,2.4064e-05
339089,2.56e-06
339101,8.576e-05
339107,1.7152e-05
339152,4.2496e-05
339184,8.1152e-05
339274,3.4304e-05
339315,2.0224e-05
339329,2.048e-06
339356,0.000226816
339397,0.000291584
339476,1.792e-05
339522,0.000231168
339560,7.808e-05
339587,2.7904e-05
339594,3.2e-05
339672,8.704e-05
339692,1.024e-06
339738,6.272e-05
339757,1.7152e-05
339794,1.0752e-05
339795,4.3008e-05
339815,2.3552e-05
339899,5.376e-05
339933,0.000141056
339959,9.984e-06
339962,0.000174592
340016,5.1456e-05
340050,1.92e-05
340139,4.5568e-05
340143,4.096e-06
340192,5.6832e-05
340218,4.7616e-05
340254,1.536e-05
340279,1.408e-05
340331,6.4768e-05
340363,2.7392e-05
340375,4.096e-05
340413,2.304e-06
340445,2.0992e-05
340455,9.7792e-05
340511,3.584e-05
340595,4.5568e-05
340607,4.1472e-05
340685,3.2e-05
340724,5.7856e-05
340796,4.3008e-05
340848,4.6592e-05
340916,2.6368e-05
340929,3.84e-05
340944,8.704e-06
340972,3.6608e-05
340995,1.024e-06
341024,5.632e-06
341040,4.096e-05
341095,2.56e-07
341156,9.3952e-05
341197,1.2544e-05
341217,3.072e-05
341239,7.6544e-05
341275,1.2288e-05
341303,1.0752e-05
341437,7.8336e-05
341466,5.12e-07
341474,3.0976e-05
341538,5.8368e-05
341582,4.608e-06
341617,0.000103168
341640,5.2224e-05
341646,0.000103424
341687,2.6112e-05
341714,5.4528e-05
341731,3.0464e-05
341756,1.9968e-05
341759,0.002115584
341875,3.6352e-05
341938,9.1648e-05
342069,7.68e-07
342081,7.296e-05
342130,9.3696e-05
342196,2.56e-07
342205,5.1456e-05
342208,7.68e-07
342284,2.048e-06
342302,2.6112e-05
342337,9.0368e-05
342360,2.432e-05
342367,3.584e-06
342414,7.68e-07
342453,3.072e-06
342467,1.536e-06
342553,7.0144e-05
342671,0.000186112
342725,2.688e-05
342772,1.7664e-05
342844,2.5088e-05
342877,1.5104e-05
342909,4.4544e-05
342940,2.3552e-05
342964,4.2752e-05
342968,4.6336e-05
343008,5.4016e-05
343060,0.000125184
343129,6.784e-05
343163,5.12e-07
343214,8.96e-06
343321,7.3216e-05
343350,6.144e-06
343385,0.000268032
343487,8.704e-06
343496,3.84e-06
343514,3.3792e-05
343546,5.7344e-05
343561,8.1152e-05
343563,5.7344e-05
343606,2.048e-06
343645,6.7584e-05
343715,2.5344e-05
343720,5.888e-06
343785,9.728e-06
343859,6.4e-06
343923,2.688e-05
343953,7.68e-07
343988,5.4272e-05
344001,5.6064e-05
344022,1.1008e-05
344081,4.352e-06
344123,3.072e-06
344159,4.6848e-05
344169,2.56e-05
344173,0.000183552
344222,0.000130816
344244,3.1232e-05
344270,3.9424e-05
344402,8.448e-06
344496,5.0176e-05
344522,0.000117504
344557,2.7904e-05
344591,6.912e-05
344637,1.536e-05
344730,6.4e-06
344740,1.0752e-05
344742,6.4e-05
344757,7.7568e-05
344787,2.56e-07
344825,1.024e-05
344874,2.7392e-05
344889,6.528e-05
344897,0.000247296
344916,7.9872e-05
344933,0.00016128
344967,2.56e-06
345068,8.192e-06
345118,1.9456e-05
345166,2.2016e-05
345168,0.000489216
345217,1.536e-06
345241,4.1984e-05
345265,4.736e-05
345269,0.000156416
345302,2.3808e-05
345368,2.304e-06
345408,1.8432e-05
345424,2.6112e-05
345477,4.4544e-05
345555,5.5296e-05
345568,3.7376e-05
345582,3.7888e-05
345620,2.0736e-05
345650,2.1504e-05
345715,4.5824e-05
345757,1.0752e-05
345786,2.4064e-05
345802,7.1424e-05
345863,1.9968e-05
345877,1.5872e-05
345958,0.000140544
346004,1.92e-05
346025,1.536e-05
346043,7.168e-06
346049,5.5552e-05
346151,6.8608e-05
346185,7.68e-06
346192,6.2464e-05
346213,3.84e-05
346292,4.4032e-05
346364,1.28e-05
346412,2.6112e-05
346431,3.0208e-05
346461,1.024e-06
346492,3.2768e-05
346527,1.5616e-05
346558,3.3792e-05
346665,3.072e-06
346700,3.1488e-05
346749,9.984e-06
346784,2.56e-05
346816,3.6864e-05
346838,5.5552e-05
346983,5.5296e-05
347045,2.56e-07
347048,1.7408e-05
347074,1.3056e-05
347092,1.4336e-05
347155,3.7376e-05
347339,4.608e-05
347439,1.4592e-05
347469,2.6368e-05
347495,2.56e-06
347581,2.2272e-05
347640,9.472e-06
347703,2.56e-07
347757,0.000116736
347763,0.001246208
347823,0.000104704
347970,2.7392e-05
348023,1.2032e-05
348103,4.352e-06
348153,6.528e-05
348190,1.5616e-05
348356,5.3248e-05
348363,6.1184e-05
348487,1.792e-06
348543,2.2528e-05
348753,8.5248e-05
348784,2.3296e-05
348812,3.584e-05
348905,2.6112e-05
348965,0.000121856
348997,6.912e-06
349057,1.7152e-05
349154,2.9184e-05
349175,2.0992e-05
349191,1.4336e-05
349328,2.304e-05
349558,7.936e-06
349574,0.001080064
349595,0.000153344
349735,5.12e-07
349762,0.00011392
349836,0.000390144
349902,1.6128e-05
350017,1.8688e-05
350033,1.1264e-05
350081,3.968e-05
350120,0.001019136
350163,8.192e-06
350165,5.1712e-05
350167,0.00049536
350268,2.304e-06
350320,1.1776e-05
350498,1.0496e-05
350553,0.000142336
350608,3.072e-05
350617,0.000137216
350676,5.2736e-05
350772,4.3776e-05
350799,7.2704e-05
350825,3.84e-06
350837,4.4032e-05
350906,5.248e-05
350938,2.2528e-05
350958,9.216e-06
350991,1.1008e-05
351056,8.704e-06
351073,4.608e-05
351083,3.84e-05
351131,2.816e-06
351258,1.1776e-05
351276,3.712e-05
351293,2.0736e-05
351356,1.1008e-05
351385,7.168e-06
351416,5.888e-06
351436,0.000152832
351463,9.8816e-05
351724,4.608e-06
351755,1.152e-05
351905,1.3056e-05
351946,8.6528e-05
351960,2.6112e-05
351964,4.4544e-05
351987,4.1216e-05
352170,7.68e-06
352194,2.304e-06
352212,0.000110336
352220,7.68e-07
352304,0.000114944
352358,1.92e-05
352399,9.1904e-05
352432,7.936e-05
352484,3.328e-06
352535,2.56e-06
352556,0.000455424
352560,0.000345344
352769,2.3808e-05
352808,0.000103424
352824,5.2992e-05
352843,7.7568e-05
352862,0.000102912
352928,0.00016384
352985,0.000169984
353083,3.6608e-05
353107,1.3312e-05
353129,0.00023296
353161,0.00016384
353230,3.4304e-05
353281,1.3568e-05
353305,8.6272e-05
353536,2.048e-06
353599,4.6336e-05
353652,1.1008e-05
353690,9.9584e-05
353757,0.000134144
353762,4.5312e-05
353763,0.000112128
353844,1.152e-05
353866,1.664e-05
353877,4.1472e-05
353933,3.6096e-05
353997,2.944e-05
354012,0.000129024
354176,3.9424e-05
354198,8.6016e-05
354213,0.000386304
354317,1.28e-05
354340,7.6544e-05
354358,9.7792e-05
354371,0.000206592
354448,4.8128e-05
354520,2.048e-06
354551,4.0448e-05
354569,4.0448e-05
354680,5.9904e-05
354727,2.56e-07
354743,1.024e-05
354797,9.984e-06
354890,3.6352e-05
354944,4.8128e-05
354946,0.0001024
354964,9.6e-05
355038,7.424e-06
355196,8.96e-06
355258,3.0976e-05
355269,1.9712e-05
355482,6.144e-06
355504,2.432e-05
355536,3.584e-06
355559,0.0001664
355570,4.3264e-05
355589,1.8944e-05
355650,8.0128e-05
355683,1.0752e-05
355702,0.00020736
355736,0.000195328
355763,5.632e-06
355863,3.2e-05
355879,0.000148992
355913,1.6896e-05
355933,7.424e-06
356007,0.000249856
356067,0.000114176
356078,4.5568e-05
356107,5.376e-06
356125,6.6048e-05
356146,0.000132352
356158,0.000264192
356160,0.004240384
356214,7.936e-06
356224,1.1776e-05
356271,1.2032e-05
356353,6.3232e-05
356364,2.048e-05
356453,3.1744e-05
356485,3.9424e-05
356650,9.472e-06
356705,5.6576e-05
356761,0.00021888
356817,3.1488e-05
356838,3.072e-06
356926,4.5568e-05
356963,2.56e-07
356968,3.5072e-05
356984,3.4304e-05
357015,0.000157952
357081,0.000119296
357125,3.5072e-05
357210,7.04e-05
357281,2.432e-05
357381,3.584e-05
357459,0.000720384
357567,1.3056e-05
357602,2.56e-07
357623,0.000216064
357651,4.9408e-05
357676,8.6528e-05
357706,9.088e-05
357728,0.000228608
357792,5.7088e-05
357859,5.888e-05
357886,0.00012032
357919,1.9968e-05
357991,7.68e-06
358095,1.8944e-05
358199,3.456e-05
358233,0.000107008
358246,2.7648e-05
358345,3.072e-06
358371,0.000445696
358420,1.7152e-05
358461,1.6128e-05
358469,0.000110592
358496,1.408e-05
358556,0.000129792
358615,8.448e-06
358616,3.328e-06
358667,2.56e-06
358717,2.2272e-05
358737,1.5872e-05
358761,6.7072e-05
358801,9.9584e-05
358871,1.0496e-05
358885,8.8832e-05
358996,0.000161792
359093,1.792e-06
359156,4.1472e-05
359209,2.0736e-05
359219,8.5248e-05
359246,6.528e-05
359298,2.304e-06
359327,3.9168e-05
359388,5.12e-05
359414,1.9712e-05
359519,3.2512e-05
359670,7.68e-06
359722,2.1504e-05
359757,0.000144128
359761,0.000214016
359770,0.000288
359831,4.0704e-05
359859,2.2528e-05
359888,6.656e-06
359938,2.304e-06
359954,0.0001984
360075,7.4496e-05
360145,8.5248e-05
360227,4.6592e-05
360262,4.864e-06
360286,2.6112e-05
360346,1.2544e-05
360357,3.328e-06
360435,4.096e-06
360452,7.7824e-05
360462,3.2512e-05
360482,0.000227584
360522,0.000243712
360532,4.0448e-05
360546,0.00035584
360582,0.000245248
360602,3.584e-06
360612,3.84e-05
360622,5.6832e-05
360632,0.000114944
360642,0.000442368
360652,0.000123904
360672,0.00034176
360692,0.000170752
360702,0.000165632
360722,9.472e-06
360732,0.000160512
360742,0.000606464
360762,0.0004096
360782,0.000542208
360802,0.000494848
360812,0.000246016
360822,1.6128e-05
360852,0.000282624
360862,0.00062592
360872,0.00013312
360932,6.1184e-05
360959,0.000133888
360965,1.3824e-05
361022,6.784e-05
361044,5.376e-06
361045,1.9712e-05
361113,4.4032e-05
361137,1.2544e-05
361167,1.1776e-05
361314,1.5616e-05
361318,1.408e-05
361415,2.56e-06
361503,1.9968e-05
361540,1.4592e-05
361552,1.664e-05
361629,6.912e-06
361645,0.00010752
361652,0.000165632
361732,7.68e-06
361737,4.3776e-05
361789,1.1008e-05
361856,2.56e-07
362007,2.304e-05
362033,3.712e-05
362052,1.1264e-05
362118,5.2992e-05
362135,0.000125696
362154,0.000150272
362164,9.1392e-05
362313,2.2272e-05
362350,2.688e-05
362440,4.8896e-05
362479,3.584e-06
362493,2.5088e-05
362511,2.4576e-05
362628,5.7088e-05
362655,1.0496e-05
362686,5.2992e-05
362761,0.000192
362765,0.000443904
362820,3.2512e-05
362832,0.000104448
362861,2.9696e-05
362915,5.76e-05
362995,2.7392e-05
363040,3.3536e-05
363126,9.4464e-05
363140,0.000118272
363278,4.864e-06
363305,4.3264e-05
363356,4.3264e-05
363374,0.000221184
363405,8.0384e-05
363513,2.9184e-05
363570,7.6032e-05
363577,2.5088e-05
363650,3.072e-06
363664,7.6544e-05
363751,4.1472e-05
363765,7.168e-06
363795,8.6528e-05
363829,2.5856e-05
363881,6.656e-06
363946,1.024e-06
363967,5.0944e-05
364030,1.792e-05
364142,9.7792e-05
364271,4.736e-05
364292,1.4592e-05
364354,1.792e-06
364451,2.816e-05
364529,4.096e-05
364560,0.000292352
364568,9.6768e-05
364623,2.304e-06
364663,8.448e-06
364694,7.7312e-05
364719,2.048e-06
364721,3.8912e-05
364769,1.6384e-05
364785,4.3008e-05
364823,0.000103424
364849,1.6896e-05
364868,6.3488e-05
364904,4.4544e-05
364954,2.9952e-05
365053,3.8912e-05
365073,8.2944e-05
365146,2.7392e-05
365159,0.000157696
365165,0.0005568
365227,3.5072e-05
365298,6.5792e-05
365322,6.9632e-05
365406,0.000126208
365458,3.2256e-05
365495,4.352e-06
365528,8.448e-06
365551,4.992e-05
365650,1.792e-06
365687,1.792e-06
365720,0.00067456
365761,0.003390976
365885,5.7088e-05
365920,2.0736e-05
365954,1.6384e-05
365998,0.000347392
366033,0.000164864
366105,3.1744e-05
366108,5.1968e-05
366211,3.2512e-05
366465,1.3824e-05
366535,5.76e-05
366669,2.7648e-05
366709,0.00011904
366785,5.7088e-05
366855,1.28e-06
366891,3.7888e-05
366925,1.0752e-05
366941,9.4976e-05
366959,0.0007744
366981,7.8336e-05
367038,3.2768e-05
367127,4.1216e-05
367137,1.8432e-05
367183,0.000123648
367250,0.000427264
367280,9.0112e-05
367301,3.9424e-05
367416,3.9168e-05
367441,2.0992e-05
367519,6.912e-06
367560,0.000662016
367597,3.5072e-05
367675,3.1744e-05
367830,2.1504e-05
367855,5.888e-06
367890,1.28e-06
367970,8.192e-06
368117,2.048e-06
368119,8.448e-06
368162,2.7136e-05
368164,4.608e-05
368172,4.1216e-05
368257,1.4336e-05
368335,1.6384e-05
368412,3.584e-06
368426,1.0752e-05
368517,6.2208e-05
368615,1.2544e-05
368707,2.56e-07
368746,9.6256e-05
368807,9.1904e-05
368872,2.2016e-05
368970,5.12e-06
368996,1.8176e-05
369024,5.888e-06
369088,1.9456e-05
369177,9.472e-06
369217,2.3296e-05
369287,2.048e-06
369292,2.816e-06
369325,7.8848e-05
369358,3.968e-05
369364,0.000265984
369465,9.4208e-05
369476,1.5616e-05
369546,8.6016e-05
369576,2.304e-05
369577,2.304e-06
369623,1.536e-06
369731,4.352e-06
369762,6.0928e-05
369835,2.048e-06
369840,8.192e-06
369854,0.000106496
369915,1.5104e-05
369945,2.56e-07
369992,2.048e-06
370013,6.5792e-05
370136,4.0448e-05
370241,5.76e-05
370253,5.3248e-05
370271,6.4e-06
370276,2.4064e-05
370304,8.448e-06
370337,1.2544e-05
370375,2.048e-06
370389,5.888e-06
370433,9.984e-06
370484,2.0992e-05
370567,4.9152e-05
370606,5.4016e-05
370637,9.472e-05
370679,1.0496e-05
370747,6.0672e-05
370846,3.072e-06
371006,4.48e-05
371038,7.808e-05
371070,2.9184e-05
371146,0.000138752
371165,0.002105088
371212,6.144e-05
371288,2.56e-07
371306,6.4e-06
371382,1.92e-05
371480,1.8432e-05
371486,6.5024e-05
371509,3.0208e-05
371525,2.2272e-05
371598,1.6384e-05
371624,4.8384e-05
371705,2.0736e-05
371726,4.0704e-05
371746,2.432e-05
371822,5.12e-05
371837,2.56e-05
371936,1.2032e-05
371953,0.000555008
371995,1.792e-06
372063,2.3296e-05
372065,0.000178176
372112,3.2768e-05
372158,1.792e-05
372191,3.5584e-05
372197,6.144e-05
372214,4.4032e-05
372218,7.0144e-05
372250,1.024e-06
372278,0.000177664
372350,3.584e-06
372403,2.4832e-05
372448,3.456e-05
372489,9.984e-05
372565,5.9136e-05
372643,6.4768e-05
372677,6.1952e-05
372683,8.704e-06
372695,8.448e-06
372733,1.0752e-05
372879,6.9376e-05
372929,4.5312e-05
372935,0.000146688
372958,0.000201216
372967,3.84e-06
373004,3.1744e-05
373028,9.2928e-05
373105,2.7648e-05
373284,3.0464e-05
373335,1.8432e-05
373377,0.000229888
373501,1.2288e-05
373525,8.96e-06
373545,0.000193024
373611,9.6512e-05
373732,9.2672e-05
373753,1.8944e-05
373795,3.5328e-05
373832,1.2288e-05
373842,2.688e-05
373919,6.2976e-05
373992,8.2944e-05
374105,2.816e-06
374122,5.1456e-05
374145,6.784e-05
374161,0.004007168
374211,3.712e-05
374287,5.9392e-05
374362,2.1248e-05
374368,3.6864e-05
374513,3.9168e-05
374690,5.6576e-05
374737,6.4e-06
374759,0.000174592
374772,0.00036736
374795,0.000223744
374876,2.816e-06
374947,2.0224e-05
374977,3.584e-05
375116,8.4224e-05
375154,8.7296e-05
375307,4.7104e-05
375359,3.6608e-05
375360,0.001520384
375375,0.000501248
375453,6.4e-06
375489,8.0128e-05
375586,0.000438272
375622,5.632e-06
375643,9.728e-06
375659,1.8432e-05
375680,1.1008e-05
375743,5.7856e-05
375808,7.8848e-05
375817,5.376e-06
375863,3.1232e-05
375899,1.9968e-05
375956,1.5616e-05
375960,9.216e-05
376071,1.4592e-05
376109,0.0001088
376157,2.4576e-05
376196,2.4832e-05
376227,4.2496e-05
376295,4.096e-06
376302,8.704e-06
376410,1.8688e-05
376439,1.024e-05
376445,0.002335744
376482,1.7152e-05
376511,3.9936e-05
376561,0.000292864
376596,2.9952e-05
376667,1.024e-05
376758,3.9936e-05
376798,2.5088e-05
376816,9.216e-06
376820,1.536e-06
376852,5.888e-06
376972,1.2288e-05
377011,8.6016e-05
377041,1.5616e-05
377068,6.656e-06
377079,4.352e-06
377173,0.001082624
377257,6.4e-05
377285,7.936e-06
377301,1.5872e-05
377390,5.2992e-05
377458,4.608e-06
377470,1.792e-05
377502,7.1168e-05
377563,6.4e-06
377573,0.000537344
377626,1.2032e-05
377643,2.3808e-05
377714,9.2416e-05
377757,0.000157696
377772,0.000369408
377894,0.000108288
377908,0.000145664
378015,6.656e-06
378028,8.32e-05
378036,8.9344e-05
378083,1.5872e-05
378093,2.2528e-05
378179,1.5104e-05
378258,5.888e-06
378280,5.12e-05
378305,1.3568e-05
378323,6.6304e-05
378345,2.304e-05
378359,4.4544e-05
378439,5.504e-05
378467,7.7824e-05
378505,1.2032e-05
378578,6.144e-06
378591,3.8912e-05
378701,5.0432e-05
378716,2.3552e-05
378739,3.328e-05
378807,2.304e-06
378869,2.4832e-05
378897,3.328e-06
378935,6.6304e-05
378961,0.000165376
379016,3.0976e-05
379034,9.0368e-05
379044,8.704e-06
379083,3.1488e-05
379125,6.144e-06
379175,0.00013184
379248,1.8176e-05
379323,2.2272e-05
379325,9.728e-06
379366,7.1168e-05
379449,2.2272e-05
379485,3.0208e-05
379517,5.12e-06
379558,0.000139008
379566,5.3504e-05
379649,2.304e-06
379685,3.5584e-05
379936,2.4576e-05
379946,2.304e-06
380013,1.4848e-05
380063,1.6384e-05
380152,1.792e-05
380167,0.000101632
380188,4.1984e-05
380257,2.7136e-05
380274,3.5328e-05
380438,9.728e-06
380518,8.704e-06
380562,4.608e-06
380569,0.000797184
380638,4.6592e-05
380723,9.984e-06
380759,0.00024192
380762,0.000634112
380872,1.7664e-05
380971,5.9136e-05
381260,5.9392e-05
381335,1.2544e-05
381357,4.608e-05
381360,6.6816e-05
381370,0.00013824
381463,3.84e-05
381491,4.5824e-05
381551,1.792e-05
381584,0.00016512
381669,2.0736e-05
381819,1.3824e-05
381830,3.072e-06
381878,2.048e-06
381957,1.408e-05
381958,1.6896e-05
381968,2.3808e-05
382023,1.5616e-05
382213,2.3552e-05
382319,1.8176e-05
382338,0.00020864
382398,1.28e-06
382566,1.3824e-05
382698,6.7584e-05
382740,0.000158976
382788,4.5312e-05
382793,2.3808e-05
382822,8.448e-06
382844,0.000166912
382969,1.5104e-05
382975,3.072e-05
383158,8.192e-06
383168,1.6896e-05
383183,0.000214528
383277,2.8928e-05
383389,1.536e-06
383499,0.000119808
383567,0.000135936
383589,8.7552e-05
383685,4.4032e-05
383701,6.144e-06
383715,2.4576e-05
383746,0.000151808
383767,2.0992e-05
383771,9.5488e-05
383875,7.2448e-05
383922,9.8816e-05
383961,6.912e-06
384023,1.024e-06
384119,0.000133376
384178,2.304e-05
384193,2.2528e-05
384224,2.8416e-05
384321,3.3024e-05
384336,9.9072e-05
384345,0.00034816
384448,1.5872e-05
384570,1.28e-06
384793,5.5552e-05
384919,6.912e-06
384944,0.00027776
384968,1.4592e-05
385038,3.072e-06
385048,0.000133888
385105,2.7136e-05
385140,4.8896e-05
385189,4.8384e-05
385251,0.000173824
385417,2.1504e-05
385465,2.3552e-05
385477,0.000281856
385521,6.144e-06
385527,2.5856e-05
385553,2.4832e-05
385565,4.0448e-05
385609,7.68e-05
385701,3.1232e-05
385711,0.000254464
385863,5.12e-07
385956,9.3952e-05
386014,1.536e-06
386083,2.6624e-05
386135,2.0992e-05
386158,0.000288256
386244,6.8608e-05
386321,7.3984e-05
386448,0.001038592
386507,3.0976e-05
386531,5.9904e-05
386564,4.608e-06
386568,2.176e-05
386630,0.000389632
386660,1.024e-06
386711,1.4848e-05
386745,9.472e-06
386823,4.864e-06
386872,2.048e-05
387064,0.000368128
387197,0.000121856
387252,1.536e-05
387276,2.7136e-05
387360,0.000350976
387467,3.8144e-05
387483,5.12e-07
387497,2.4064e-05
387581,4.608e-06
387642,3.968e-05
387675,8.448e-06
387692,9.856e-05
387697,7.552e-05
387731,4.4288e-05
387815,1.6384e-05
387825,2.3552e-05
387830,3.8144e-05
387844,3.4048e-05
387880,6.656e-06
387924,1.2544e-05
387934,8.7808e-05
387951,0.00046976
388000,1.8432e-05
388037,0.000391168
388072,0.000210688
388167,3.6096e-05
388191,0.000137472
388264,9.216e-06
388273,2.3296e-05
388359,2.3808e-05
388453,2.6368e-05
388546,6.144e-05
388559,0.00020608
388641,6.656e-06
388725,6.4768e-05
388748,4.4032e-05
388773,8.448e-06
388805,1.2544e-05
388935,3.4816e-05
388958,1.024e-06
388979,4.608e-06
388990,6.912e-06
388997,8.2944e-05
389070,4.736e-05
389143,1.8944e-05
389145,9.088e-05
389205,3.456e-05
389240,1.4592e-05
389303,8.192e-06
389340,3.4048e-05
389349,4.0448e-05
389387,2.432e-05
389434,4.352e-06
389482,7.8592e-05
389517,5.632e-06
389548,1.8432e-05
389607,4.1984e-05
389627,1.6384e-05
389682,4.4288e-05
389706,0.00031488
389756,0.00069248
389766,5.12e-06
389810,4.1216e-05
389928,2.56e-06
389933,2.4832e-05
389963,8.4992e-05
390028,5.8112e-05
390148,5.888e-06
390198,3.3024e-05
390215,1.4848e-05
390268,3.584e-06
390283,8.9088e-05
390346,0.00011776
390361,6.5792e-05
390436,3.4048e-05
390519,0.000252928
390562,9.8816e-05
390579,1.536e-06
390684,1.8688e-05
390783,1.6128e-05
390809,2.2016e-05
390896,7.7568e-05
390917,1.2032e-05
390949,1.28e-05
391044,2.816e-06
391051,6.016e-05
391221,1.5872e-05
391225,5.0432e-05
391361,4.3264e-05
391424,0.000103936
391472,9.216e-06
391519,5.6064e-05
391559,3.328e-06
391565,0.000127744
391683,2.2528e-05
391707,8.96e-06
391811,1.9712e-05
391853,2.9696e-05
391949,7.168e-05
392018,6.912e-05
392029,4.3008e-05
392044,5.9392e-05
392084,8.96e-06
392125,4.096e-06
392156,6.4e-05
392163,0.000806912
392327,2.5344e-05
392359,6.656e-06
392410,5.632e-05
392606,7.7312e-05
392651,2.7648e-05
392745,1.024e-06
392757,5.4016e-05
392760,0.00265472
392820,4.352e-06
392841,8.064e-05
392933,1.2544e-05
392967,8.192e-06
392973,4.1728e-05
392982,5.5808e-05
393092,7.68e-07
393107,1.7408e-05
393111,3.9168e-05
393147,5.376e-06
393195,3.072e-05
393209,4.1984e-05
393301,7.424e-05
393360,5.888e-05
393375,1.6384e-05
393398,6.144e-06
393423,3.328e-06
393435,1.5872e-05
393451,2.5344e-05
393536,5.7344e-05
393573,1.5104e-05
393629,2.304e-06
393636,6.8608e-05
393683,4.608e-05
393717,4.608e-06
393881,0.000135168
393947,4.9152e-05
393962,0.000120064
393999,1.7408e-05
394128,7.0912e-05
394185,6.144e-06
394216,7.6032e-05
394251,1.1264e-05
394256,3.9168e-05
394261,0.000694784
394324,3.072e-06
394336,3.6352e-05
394363,9.9584e-05
394413,4.352e-06
394417,7.6544e-05
394552,1.9712e-05
394557,0.002382592
394606,2.816e-06
394663,1.1008e-05
394668,2.6368e-05
394714,3.072e-05
394830,5.4784e-05
394851,2.1504e-05
394887,1.9712e-05
394933,7.424e-06
394936,0.000335104
394967,1.792e-06
395019,0.000113664
395078,4.096e-06
395135,0.00012288
395161,2.1504e-05
395199,1.4848e-05
395223,4.9664e-05
395308,8.192e-05
395324,4.6336e-05
395431,8.192e-06
395496,0.000100352
395518,0.00018688
395603,9.8816e-05
395642,0.000504576
395703,0.000103936
395723,1.4848e-05
395740,2.944e-05
395755,7.68e-07
395774,6.8608e-05
395812,2.176e-05
395893,6.272e-05
396019,4.6336e-05
396094,3.84e-06
396137,1.792e-05
396155,0.000199168
396216,0.000116992
396247,8.7296e-05
396284,0.000135936
396295,0.0001984
396345,4.608e-05
396367,0.000279296
396450,4.48e-05
396487,6.016e-05
396563,0.000164608
396590,0.000129536
396640,6.656e-06
396710,2.9696e-05
396764,1.5616e-05
396945,2.4064e-05
396956,0.000355328
396972,5.2224e-05
397013,4.736e-05
397082,3.584e-06
397115,1.1008e-05
397162,0.00010112
397197,0.000293376
397285,1.9456e-05
397319,5.632e-06
397359,4.9152e-05
397429,3.072e-06
397473,9.728e-06
397505,2.9952e-05
397559,0.000358656
397598,0.000173824
397617,0.000378624
397706,0.000194304
397735,2.3552e-05
397783,3.328e-05
397839,3.2256e-05
397939,2.816e-06
398080,2.5088e-05
398157,6.4768e-05
398159,0.000763392
398280,2.816e-05
398435,1.4592e-05
398592,5.888e-06
398630,3.84e-06
398654,7.424e-06
398677,2.56e-07
398725,9.216e-06
398728,3.7376e-05
398746,0.000148224
398774,0.00117376
398839,6.272e-05
398847,0.000143872
398860,8.448e-06
398887,2.0736e-05
399049,1.7408e-05
399093,8.704e-05
399106,8.96e-06
399126,3.7888e-05
399152,0.000118272
399187,1.9968e-05
399192,3.9424e-05
399234,2.1504e-05
399447,8.96e-06
399501,6.9888e-05
399629,2.8416e-05
399657,2.3552e-05
399675,2.048e-06
399707,3.1744e-05
399804,7.68e-07
399916,1.3824e-05
399923,1.792e-06
399962,0.000162816
400053,1.3056e-05
400107,8.96e-06
400111,6.656e-06
400129,6.0416e-05
400257,0.000134912
400309,1.6384e-05
400360,2.8416e-05
400388,2.944e-05
400417,6.0416e-05
400453,5.888e-06
400480,1.792e-06
400556,0.000342016
400672,8.448e-06
400703,6.272e-05
400727,7.68e-07
400819,1.792e-05
400855,3.712e-05
400888,1.2288e-05
400935,3.3024e-05
401030,1.9456e-05
401065,2.56e-07
401110,0.000231168
401129,1.5872e-05
401145,4.352e-06
401163,3.1488e-05
401173,0.000421632
401280,2.5088e-05
401345,5.888e-06
401352,1.024e-06
401382,1.024e-06
401412,6.656e-06
401451,5.9904e-05
401502,3.2512e-05
401518,0.000104448
401580,5.632e-06
401625,7.0656e-05
401694,2.2016e-05
401722,9.6e-05
401744,1.6384e-05
401754,4.992e-05
401770,7.6544e-05
401823,4.864e-05
401872,1.792e-05
402029,5.632e-06
402083,4.352e-06
402096,5.12e-06
402118,2.2016e-05
402140,6.9376e-05
402176,2.2016e-05
402182,0.000215296
402267,4.608e-06
402346,0.00042624
402365,0.00045184
402432,9.0368e-05
402477,4.4288e-05
402485,4.608e-06
402493,2.56e-07
402526,4.608e-06
402656,2.176e-05
402687,2.8672e-05
402720,1.4848e-05
402785,1.6384e-05
402799,2.56e-07
402819,3.8144e-05
402824,0.000108288
402844,2.1504e-05
402867,1.0496e-05
402887,3.072e-05
402901,1.4848e-05
402932,6.912e-06
402945,6.1952e-05
402964,7.04e-05
402968,0.009790976
403023,5.12e-05
403117,6.912e-06
403191,2.4576e-05
403337,2.3296e-05
403353,0.000962816
403412,1.152e-05
403428,1.0496e-05
403458,6.656e-05
403486,2.56e-05
403564,6.3232e-05
403608,0.000110848
403692,1.5104e-05
403700,1.3824e-05
403778,1.4592e-05
403795,5.632e-06
403877,4.096e-06
403885,7.5008e-05
403992,2.048e-05
404051,4.096e-06
404076,3.712e-05
404103,0.000658176
404157,1.28e-06
404163,0.000315136
404171,0.0012608
404241,0.0
404254,1.7664e-05
404274,3.1744e-05
404303,7.3984e-05
404523,4.3264e-05
404554,4.096e-06
404746,0.000125184
404761,0.000781568
404890,0.000115456
404965,1.9968e-05
405009,5.12e-07
405096,8.1664e-05
405153,1.536e-06
405198,0.000173824
405269,1.536e-06
405340,6.8864e-05
405493,6.4e-06
405516,1.6128e-05
405607,7.424e-06
405619,4.9152e-05
405658,3.5072e-05
405673,3.6864e-05
405701,4.0704e-05
405744,4.6592e-05
405801,9.728e-06
405816,4.6336e-05
405938,0.000167424
405963,0.00116224
406046,1.6384e-05
406108,1.7152e-05
406129,8.448e-06
406169,6.656e-05
406210,4.9664e-05
406234,4.608e-06
406256,1.024e-06
406280,6.144e-06
406307,3.4048e-05
406356,2.304e-05
406472,5.376e-06
406485,5.1968e-05
406542,1.0496e-05
406555,0.000313088
406563,0.001217536
406615,1.7664e-05
406797,2.7392e-05
406870,8.192e-06
406896,2.1504e-05
406932,9.5744e-05
406963,1.536e-06
407025,7.168e-06
407071,0.000109824
407094,0.000217088
407122,3.1232e-05
407145,3.7632e-05
407161,0.000204544
407195,0.000409344
407285,1.024e-06
407345,0.00015744
407422,4.0448e-05
407441,4.6336e-05
407465,5.12e-07
407485,7.68e-07
407505,0.000139264
407539,7.9616e-05
407575,1.1264e-05
407585,8.192e-06
407625,0.000258816
407635,4.352e-06
407665,3.1488e-05
407695,0.000120064
407705,6.1952e-05
407725,2.304e-06
407735,0.000283392
407755,0.000143616
407775,0.000150272
407795,4.224e-05
407815,0.00026752
407835,0.000353792
407845,7.424e-05
407855,0.00024704
407875,0.000182784
407895,0.0002944
407915,0.000196864
407925,0.000215296
407935,0.00024832
407955,5.2736e-05
407965,2.304e-06
407975,0.000191232
407985,0.000296192
407995,8.2688e-05
408025,0.000487168
408045,0.00065024
408055,9.5744e-05
408065,7.7312e-05
408075,0.00011136
408085,0.000214528
408105,0.000583424
408115,0.000416
408135,0.000473088
408145,2.7904e-05
408155,0.000128512
408165,0.000372224
408205,0.00062848
408216,0.000147456
408245,0.0003712
408255,0.000279808
408275,0.000676096
408305,0.000563712
408315,0.000616192
408345,9.088e-05
408543,4.1472e-05
408593,1.8688e-05
408601,2.304e-06
408606,3.5328e-05
408615,2.048e-06
408657,3.0976e-05
408722,2.176e-05
408756,1.408e-05
408850,1.6384e-05
408865,4.608e-06
408909,4.4288e-05
408936,5.376e-06
408945,9.3952e-05
408970,0.000787456
409058,6.4768e-05
409080,0.00121472
409134,1.2288e-05
409160,3.8144e-05
409196,5.1456e-05
409208,6.656e-06
409290,2.8416e-05
409454,1.7664e-05
409545,1.2544e-05
409559,5.632e-05
409595,4.4032e-05
409707,1.536e-06
409716,8.2688e-05
409747,3.1488e-05
409831,1.5872e-05
409842,2.2528e-05
409891,1.152e-05
409942,1.4848e-05
409996,5.376e-05
410045,2.56e-05
410101,7.68e-07
410133,4.992e-05
410156,8.704e-06
410180,3.456e-05
410364,9.4208e-05
410391,1.9712e-05
410405,4.8384e-05
410477,2.432e-05
410497,0.000112384
410509,0.000148736
410563,4.0192e-05
410579,5.12e-07
410580,1.6896e-05
410630,2.176e-05
410758,6.2464e-05
410766,1.792e-05
410857,1.2544e-05
410893,8.192e-06
410911,2.56e-06
410979,9.984e-06
411012,9.984e-06
411090,2.2016e-05
411223,1.2032e-05
411284,1.536e-05
411301,2.304e-05
411359,0.000104192
411367,0.009848832
411435,1.536e-05
411508,0.0
411732,7.936e-06
411789,2.6368e-05
411840,3.584e-06
411908,4.2752e-05
411922,0.000323072
411959,0.000674048
411994,0.0001216
412090,5.632e-05
412147,1.1776e-05
412225,7.1168e-05
412247,1.3824e-05
412291,0.000127744
412336,2.048e-06
412350,8.192e-06
412365,2.304e-05
412430,9.9328e-05
412467,5.1456e-05
412494,1.3568e-05
412507,2.0224e-05
412544,2.56e-07
412558,0.000130304
412564,3.84e-06
412596,2.56e-07
412667,1.4848e-05
412686,1.3568e-05
412730,1.3568e-05
412732,0.000194816
412777,0.000169216
412821,2.56e-07
412900,0.000653824
412977,2.1504e-05
413015,7.4752e-05
413048,9.8304e-05
413102,2.816e-06
413108,3.328e-06
413159,1.536e-06
413165,7.3472e-05
413195,2.5856e-05
413265,1.3824e-05
413266,0.000177664
413340,3.584e-06
413365,2.4832e-05
413492,2.7392e-05
413515,3.584e-06
413549,1.408e-05
413736,1.9712e-05
413745,6.144e-05
413764,0.000135936
413779,0.000234496
413815,0.000105984
413853,3.5328e-05
413869,9.216e-05
413969,1.6384e-05
414008,6.8352e-05
414107,2.1504e-05
414250,5.376e-06
414285,3.84e-05
414355,3.6096e-05
414358,0.001065984
414442,1.28e-06
414473,1.4592e-05
414486,1.6896e-05
414524,7.0144e-05
414544,2.304e-05
414567,9.216e-06
414587,2.56e-07
414634,9.4976e-05
414657,3.072e-05
414675,1.1264e-05
414745,1.792e-06
414763,4.608e-06
414860,4.1472e-05
414891,6.4768e-05
414945,2.6368e-05
414963,9.1136e-05
414965,0.000692224
415064,6.912e-06
415127,5.7856e-05
415146,0.000269568
415210,7.68e-07
415335,2.0992e-05
415374,0.000307968
415404,3.1232e-05
415417,2.6624e-05
415492,3.584e-06
415557,0.000115968
415558,0.000136448
415599,8.5504e-05
415632,4.864e-05
415645,3.072e-06
415700,9.216e-06
415710,1.152e-05
415816,9.1648e-05
415836,0.00012032
415892,2.9696e-05
415915,1.3312e-05
415921,2.432e-05
415938,4.0704e-05
416093,2.56e-06
416139,4.352e-06
416159,2.5344e-05
416205,0.000541184
416236,4.1728e-05
416312,5.248e-05
416337,3.2e-05
416441,1.7664e-05
416496,3.584e-06
416580,7.9872e-05
416617,1.9968e-05
416679,5.9136e-05
416721,1.536e-06
416744,2.5344e-05
416758,6.3232e-05
416762,3.6608e-05
416773,1.2544e-05
416827,1.1264e-05
416837,2.6368e-05
416874,2.56e-07
416930,1.2032e-05
416935,7.0144e-05
417016,2.0992e-05
417133,3.7376e-05
417172,5.1968e-05
417255,6.656e-06
417304,9.984e-06
417345,6.912e-06
417356,0.000531456
417412,4.8384e-05
417499,5.376e-06
417507,1.0496e-05
417528,5.632e-06
417594,3.2768e-05
417638,6.9632e-05
417715,3.328e-06
417740,5.5296e-05
417745,1.0496e-05
417834,1.2032e-05
417877,1.0496e-05
417927,1.024e-06
417950,2.8672e-05
417996,8.1408e-05
418138,5.12e-07
418193,3.84e-06
418204,8.448e-06
418234,1.9968e-05
418260,1.8176e-05
418372,1.4336e-05
418378,8.3456e-05
418407,2.3808e-05
418466,0.000346624
418520,0.000338176
418558,1.2544e-05
418583,2.3296e-05
418618,2.432e-05
418674,2.2784e-05
418692,4.7616e-05
418735,2.2784e-05
418769,3.6096e-05
418778,5.888e-06
418829,7.68e-07
418899,3.1744e-05
418926,6.7328e-05
418957,7.2448e-05
418962,0.000124672
418980,4.864e-06
419039,4.8128e-05
419046,3.8144e-05
419108,0.000227584
419137,1.792e-06
419160,1.1264e-05
419205,1.024e-05
419249,6.6048e-05
419312,3.4304e-05
419403,7.68e-06
419439,1.8432e-05
419499,1.536e-05
419533,0.000936448
419580,5.0944e-05
419740,1.664e-05
419746,0.002094592
419771,0.000270592
419808,2.6112e-05
419918,6.912e-06
420049,2.5856e-05
420069,0.000378368
420117,2.56e-07
420129,2.6624e-05
420204,0.000227584
420243,3.4304e-05
420318,9.6e-05
420327,2.5344e-05
420400,1.8176e-05
420405,7.68e-07
420444,8.6272e-05
420489,3.584e-05
420525,4.0704e-05
420599,1.792e-05
420723,1.792e-06
420766,0.00031488
420800,5.12e-07
420851,8.1664e-05
420862,7.68e-06
420896,2.048e-06
420917,3.3024e-05
420964,0.001102848
421006,7.0144e-05
421071,2.4576e-05
421092,3.072e-06
421124,5.12e-07
421144,2.304e-05
421197,6.656e-06
421218,2.1248e-05
421303,6.0928e-05
421328,6.4e-06
421399,6.6304e-05
421420,3.968e-05
421424,1.664e-05
421522,0.00016768
421561,5.8624e-05
421576,0.00016256
421618,6.6304e-05
421662,8.96e-06
421889,3.2e-05
422085,4.9408e-05
422105,1.4592e-05
422162,0.000164864
422208,1.024e-06
422212,7.424e-06
422355,4.8896e-05
422499,2.4576e-05
422515,7.552e-05
422536,2.0736e-05
422583,5.7344e-05
422593,0.000197888
422613,8.448e-05
422643,3.712e-05
422653,7.1424e-05
422703,0.000128
422723,8.2432e-05
422733,6.4e-06
422743,0.000558592
422783,9.8304e-05
422803,5.6576e-05
422823,0.000377856
422843,0.000137472
422853,0.000314112
422873,0.000224768
422883,0.000312576
422913,6.144e-06
422923,0.000493824
422953,2.0224e-05
422973,5.376e-05
422993,7.936e-06
423003,1.7664e-05
423013,3.0208e-05
423060,0.000225792
423176,2.4832e-05
423248,1.28e-05
423268,5.12e-06
423290,0.000411648
423363,2.4832e-05
423431,2.7136e-05
423471,6.7584e-05
423539,0.000154112
423596,8.96e-06
423735,1.152e-05
423798,1.024e-06
423880,3.4048e-05
423913,4.352e-05
423918,3.968e-05
423956,0.000147456
424024,1.3056e-05
424104,1.0496e-05
424165,0.000103936
424190,2.7392e-05
424330,3.584e-05
424331,6.6304e-05
424362,1.28e-06
424492,3.2768e-05
424507,5.12e-05
424545,1.7152e-05
424558,2.5088e-05
424560,0.000146432
424599,1.536e-05
424621,2.5088e-05
424667,1.664e-05
424758,6.656e-05
424800,1.28e-06
424843,1.9968e-05
424868,1.1008e-05
424933,3.1488e-05
424953,1.5104e-05
424997,3.6352e-05
425000,2.8928e-05
425073,7.68e-07
425099,2.8928e-05
425131,6.4512e-05
425153,3.9936e-05
425158,1.4336e-05
425298,1.6384e-05
425301,2.048e-06
425370,4.5568e-05
425452,5.632e-06
425462,1.1264e-05
425595,1.1776e-05
425610,1.792e-06
425659,7.2192e-05
425687,2.176e-05
425708,0.000102144
425784,0.000192512
425846,1.024e-06
425864,0.00022016
425934,4.4032e-05
426097,9.9584e-05
426135,4.096e-05
426172,3.2512e-05
426230,4.9664e-05
426287,9.5488e-05
426327,1.792e-06
426361,3.2768e-05
426387,2.8416e-05
426411,7.424e-06
426430,0.000101888
426497,1.2032e-05
426517,9.472e-06
426527,1.4848e-05
426545,7.808e-05
426568,6.3232e-05
426640,0.00010368
426673,2.5856e-05
426682,9.984e-06
426731,1.9968e-05
426819,0.000190464
426846,2.5088e-05
426901,0.00023424
426945,1.408e-05
426969,2.8672e-05
427013,3.4816e-05
427037,2.4832e-05
427072,4.864e-06
427076,4.8384e-05
427154,7.424e-05
427168,4.2752e-05
427222,6.144e-06
427254,8.192e-06
427318,1.024e-06
427355,0.000193792
427413,3.0976e-05
427452,1.664e-05
427485,4.096e-05
427525,0.000294912
427559,0.000503296
427681,5.3248e-05
427745,2.304e-05
427765,1.6128e-05
427822,2.2016e-05
427923,0.000237824
427958,6.144e-06
427981,2.432e-05
427997,1.664e-05
428132,6.912e-06
428163,0.002657024
428285,1.792e-05
428305,1.2032e-05
428359,3.4048e-05
428507,1.2288e-05
428514,5.3248e-05
428623,3.072e-06
428712,2.56e-06
428728,2.9696e-05
428758,8.5248e-05
428763,0.001466368
428765,0.003423744
428787,8.0896e-05
428871,1.024e-06
428889,1.8432e-05
428979,5.888e-06
429007,7.3984e-05
429031,1.4336e-05
429094,1.536e-05
429120,1.8688e-05
429191,5.12e-05
429234,0.000238336
429283,3.7376e-05
429308,1.8432e-05
429314,5.12e-07
429359,8.9088e-05
429363,0.000109824
429447,2.1504e-05
429455,2.6624e-05
429465,5.8624e-05
429537,0.000103168
429556,1.92e-05
429565,1.3312e-05
429602,2.8672e-05
429626,4.6592e-05
429651,6.4e-05
429689,4.096e-05
429753,7.68e-07
429805,2.8416e-05
429823,3.84e-06
429846,7.936e-06
429848,2.816e-05
429918,0.00028544
429963,0.000130816
429994,5.1968e-05
430037,0.000221184
430095,2.56e-06
430127,3.584e-06
430179,0.0008704
430309,2.0224e-05
430338,1.2544e-05
430366,1.9712e-05
430381,3.8144e-05
430403,8.704e-06
430485,0.000653056
430557,4.2496e-05
430585,0.00010112
430709,2.4576e-05
430847,7.936e-06
430931,5.6832e-05
430945,6.656e-06
431036,4.864e-06
431227,5.4272e-05
431247,6.144e-06
431357,1.5872e-05
431449,1.4592e-05
431465,3.0208e-05
431576,3.7632e-05
431647,1.6896e-05
431683,5.12e-07
431733,7.168e-06
431757,6.1696e-05
431765,3.072e-06
431927,6.144e-06
431950,8.192e-06
431988,0.000476416
432062,5.2736e-05
432087,1.7152e-05
432194,4.2752e-05
432224,1.5616e-05
432260,5.0432e-05
432329,8.704e-06
432365,8.704e-05
432400,0.000148224
432421,9.9584e-05
432484,1.2032e-05
432533,9.7536e-05
432613,1.024e-05
432694,1.7664e-05
432721,3.072e-06
432730,5.7856e-05
432747,3.9424e-05
432867,1.8688e-05
432879,1.4592e-05
432945,0.00153472
433005,2.0224e-05
433047,2.2784e-05
433180,2.816e-06
433217,3.2256e-05
433249,4.608e-06
433310,3.3024e-05
433323,8.704e-06
433356,2.0992e-05
433384,7.168e-06
433390,5.376e-06
433410,2.816e-06
433468,6.4256e-05
433535,7.7824e-05
433562,0.000926464
433564,0.004000768
433648,7.4496e-05
433667,3.1232e-05
433757,1.408e-05
433831,1.024e-06
433863,6.8096e-05
433932,4.864e-06
434072,0.000227328
434116,0.000113152
434162,0.00027392
434268,2.5088e-05
434333,1.3056e-05
434338,0.000131328
434416,5.12e-07
434487,4.1472e-05
434551,2.4576e-05
434565,9.5488e-05
434600,1.024e-05
434695,0.0
434757,7.2192e-05
434765,0.00082944
434797,0.000110592
434853,2.2528e-05
434944,5.12e-07
434956,1.8944e-05
434974,2.56e-07
434995,2.5088e-05
435005,1.0496e-05
435100,0.000169216
435124,0.00044672
435225,2.8416e-05
435255,2.304e-06
435344,2.9696e-05
435360,0.000211456
435401,6.4e-06
435502,8.96e-06
435512,7.936e-06
435564,2.304e-05
435590,7.2704e-05
435653,0.000160768
435767,1.8432e-05
435794,2.3296e-05
435813,2.3296e-05
435824,1.4848e-05
435899,3.8912e-05
435960,7.8592e-05
435970,3.3792e-05
436055,7.424e-06
436059,2.4064e-05
436094,6.8352e-05
436106,0.000301568
436170,2.5088e-05
436193,1.2288e-05
436281,7.3984e-05
436296,5.6832e-05
436339,5.9904e-05
436401,2.816e-05
436420,1.4848e-05
436467,4.8896e-05
436479,1.6896e-05
436545,2.4064e-05
436548,2.1248e-05
436567,6.9376e-05
436615,5.888e-06
436637,4.608e-05
436655,3.9424e-05
436710,2.176e-05
436771,7.168e-06
436776,4.4032e-05
436833,7.68e-06
436845,0.000182016
436904,3.4816e-05
436934,1.28e-05
436954,1.0752e-05
436958,3.5072e-05
436986,0.000472064
437007,2.816e-05
437035,1.92e-05
437058,4.6336e-05
437101,8.0128e-05
437146,0.000558848
437163,8.2944e-05
437165,0.000101632
437283,7.424e-06
437313,4.5312e-05
437357,2.304e-06
437378,0.000104704
437485,1.664e-05
437674,0.0001024
437721,7.68e-07
437746,0.000394752
437813,5.376e-06
437829,0.000200704
437913,1.4336e-05
437949,2.816e-06
438059,7.3216e-05
438089,8.8064e-05
438354,2.0992e-05
438481,0.000162816
438574,2.048e-06
438607,2.5856e-05
438916,1.408e-05
438930,2.816e-05
438964,0.00431616
439051,2.8672e-05
439105,0.000214528
439247,6.144e-06
439320,6.4768e-05
439360,0.000128256
439415,9.984e-06
439423,7.2448e-05
439448,4.1472e-05
439507,0.000114944
439571,2.8928e-05
439617,0.000163072
439679,1.4848e-05
439720,1.3568e-05
439880,2.432e-05
439953,3.84e-06
439987,7.68e-07
440018,7.424e-06
440051,3.84e-06
440063,3.328e-05
440136,0.000310272
440155,0.000568064
440267,2.56e-07
440277,5.12e-06
440332,0.00013568
440420,6.2976e-05
440529,1.152e-05
440566,3.7632e-05
440568,0.000156928
440604,9.984e-06
440694,1.9456e-05
440745,7.424e-06
440758,1.7408e-05
440765,0.000187392
440794,2.2272e-05
440813,8.704e-06
440853,4.1216e-05
440920,1.9968e-05
440944,3.6608e-05
440957,1.9712e-05
440968,5.632e-06
441018,1.2288e-05
441082,5.12e-07
441201,2.9952e-05
441216,1.7408e-05
441279,1.4848e-05
441332,1.5872e-05
441346,0.000761344
441407,1.6384e-05
441427,3.6608e-05
441457,4.7104e-05
441604,4.3264e-05
441612,1.5104e-05
441632,3.2e-05
441667,0.000216832
441693,2.7136e-05
441739,4.9152e-05
441757,7.168e-05
441867,0.000188672
441934,2.4064e-05
441945,0.000406272
441989,0.000179968
442100,1.8176e-05
442110,4.1472e-05
442191,6.4e-06
442257,6.656e-05
442271,0.000440832
442295,0.000178688
442387,0.000100096
442452,2.0992e-05
442473,1.6896e-05
442492,0.000130304
442545,7.6288e-05
442557,0.000402432
442560,0.000335104
442676,1.5616e-05
442700,2.048e-06
442703,6.9632e-05
442721,1.408e-05
442791,4.4032e-05
442897,9.984e-06
442921,4.5312e-05
442981,6.912e-05
443035,6.144e-06
443044,1.9968e-05
443067,1.7408e-05
443117,6.4512e-05
443153,6.5536e-05
443164,5.8112e-05
443298,3.8656e-05
443391,5.376e-06
443428,1.0496e-05
443450,5.632e-06
443472,9.472e-06
443625,7.168e-06
443633,2.432e-05
443679,1.7664e-05
443730,2.4832e-05
443766,6.0672e-05
443816,5.248e-05
443982,4.4032e-05
443985,0.000326144
444095,1.2032e-05
444148,4.352e-06
444172,6.9632e-05
444345,9.6512e-05
444354,2.048e-06
444405,2.2784e-05
444456,5.376e-06
444517,6.2976e-05
444533,0.000172288
444607,1.5616e-05
444631,1.4336e-05
444660,1.8176e-05
444823,1.28e-06
444845,1.28e-06
444862,1.4848e-05
444887,5.6064e-05
444959,0.001443328
444980,0.000183552
445007,2.3296e-05
445057,2.3808e-05
445176,0.00014592
445235,5.9136e-05
445268,0.000330496
445316,0.000297728
445378,5.248e-05
445408,3.0208e-05
445445,1.3824e-05
445495,0.000104448
445513,1.7408e-05
445545,3.6096e-05
445558,7.424e-06
445596,9.216e-06
445609,1.8944e-05
445675,4.6336e-05
445741,0.00013312
445807,0.000109824
445922,4.608e-06
446029,6.8352e-05
446065,6.0672e-05
446080,4.7104e-05
446145,5.12e-06
446156,0.000111616
446211,4.5312e-05
446239,7.68e-06
446382,6.656e-05
446389,0.00067584
446439,9.472e-06
446484,1.4848e-05
446507,3.2512e-05
446535,6.0416e-05
446627,2.56e-06
446676,5.632e-06
446690,4.5824e-05
446701,5.12e-05
446723,6.7328e-05
446762,7.424e-06
446766,1.1264e-05
446773,1.2544e-05
446790,3.5328e-05
446811,1.024e-06
446875,7.2192e-05
446965,1.792e-06
447094,0.000132608
447252,2.56e-07
447285,2.048e-06
447328,0.000187648
447420,2.4832e-05
447489,9.216e-06
447538,2.2016e-05
447571,4.864e-06
447582,2.4064e-05
447623,9.6e-05
447653,4.5312e-05
447667,4.0704e-05
447771,3.7888e-05
447889,3.6352e-05
447956,0.00031872
447961,0.000291072
448023,1.0752e-05
448107,2.048e-06
448132,7.4496e-05
448211,4.7616e-05
448241,6.144e-06
448276,7.68e-06
448304,0.000116992
448337,1.5104e-05
448379,1.5104e-05
448399,5.376e-06
448441,1.8688e-05
448449,1.4336e-05
448534,4.352e-06
448541,9.728e-06
448545,3.2256e-05
448556,4.48e-05
448589,1.536e-05
448637,1.5872e-05
448725,7.296e-05
448753,4.5568e-05
448804,1.9712e-05
448812,5.888e-06
448840,5.8368e-05
448845,1.664e-05
448856,1.2544e-05
448903,0.00011264
448923,0.000689664
448995,0.000339968
449083,8.0128e-05
449112,1.8688e-05
449193,8.192e-06
449233,2.048e-06
449300,0.00017152
449348,4.352e-06
449367,2.304e-06
449409,0.00020352
449434,7.936e-06
449476,4.224e-05
449509,8.704e-06
449519,4.352e-06
449579,1.3824e-05
449668,0.000113664
449741,1.6896e-05
449756,0.000688384
449848,7.424e-06
449917,5.632e-06
449966,1.1008e-05
450024,1.7152e-05
450069,5.2992e-05
450087,2.3296e-05
450099,1.4848e-05
450134,7.8592e-05
450177,5.4784e-05
450191,5.12e-07
450220,4.2496e-05
450284,0.00025984
450323,1.0496e-05
450346,3.584e-06
450356,0.00029312
450361,0.00032128
450368,0.000263168
450502,5.248e-05
450547,6.4e-06
450623,3.0208e-05
450687,4.864e-06
450739,6.144e-06
450747,0.00031616
450812,1.7408e-05
450828,1.1264e-05
450833,2.7648e-05
450870,0.000128256
450928,3.4048e-05
450950,5.376e-06
450989,0.000739584
451068,1.5104e-05
451124,5.888e-06
451220,4.096e-06
451249,1.5616e-05
451279,5.5296e-05
451357,2.304e-06
451389,1.536e-06
451409,3.072e-06
451457,1.024e-05
451492,9.216e-06
451500,1.7408e-05
451561,0.00016256
451564,0.000166656
451575,0.001886208
451660,9.0624e-05
451715,5.888e-06
451741,2.5344e-05
451769,3.5584e-05
451821,1.1264e-05
451849,0.00010112
451871,9.9328e-05
451903,4.9664e-05
452029,7.68e-06
452031,7.2704e-05
452041,7.552e-05
452088,3.584e-05
452107,3.84e-05
452152,5.504e-05
452167,1.28e-06
452174,5.4272e-05
452208,3.5328e-05
452436,0.000134656
452569,2.048e-06
452613,2.0992e-05
452637,5.6576e-05
452659,0.000153344
452675,8.448e-06
452717,5.376e-06
452752,4.4032e-05
452766,0.000165632
452861,2.3552e-05
452867,2.5856e-05
452885,4.5312e-05
452988,3.5328e-05
453016,8.7296e-05
453047,8.9088e-05
453059,3.84e-06
453064,4.5568e-05
453107,3.584e-05
453118,6.4256e-05
453139,2.4064e-05
453180,0.000110848
453221,8.704e-05
453303,7.936e-06
453321,2.56e-07
453351,3.584e-06
453392,2.7904e-05
453411,2.8672e-05
453463,4.9152e-05
453470,6.144e-06
453483,0.000588032
453578,3.072e-06
453603,0.000244224
453639,4.864e-06
453681,9.984e-06
453706,3.328e-05
453765,8.448e-06
453881,2.0224e-05
453901,1.6128e-05
453910,2.56e-07
453929,1.8944e-05
454027,3.84e-05
454069,1.8688e-05
454079,7.424e-05
454132,6.3488e-05
454137,1.3312e-05
454212,4.9664e-05
454278,5.376e-06
454300,1.2544e-05
454363,3.84e-06
454415,1.4336e-05
454513,0.000154112
454610,1.8176e-05
454764,1.5104e-05
454812,1.2288e-05
454883,4.352e-06
454929,7.936e-06
454946,4.864e-06
454996,3.584e-06
455024,0.000102656
455146,2.048e-05
455160,0.000109056
455258,1.4592e-05
455388,2.1504e-05
455410,5.9904e-05
455480,0.000107776
455513,2.9952e-05
455518,5.0432e-05
455569,0.000135936
455734,1.0496e-05
455758,1.6896e-05
455766,1.3568e-05
455828,0.000152832
455845,5.3248e-05
455860,2.304e-05
455918,2.944e-05
455988,3.328e-05
456125,1.5616e-05
456149,4.8384e-05
456183,0.00016512
456240,1.7152e-05
456295,1.28e-06
456356,2.9696e-05
456376,1.2288e-05
456423,6.144e-06
456428,1.28e-06
456507,6.9632e-05
456546,7.6032e-05
456557,3.5328e-05
456612,1.4848e-05
456679,1.4592e-05
456734,0.00023552
456777,2.816e-05
456855,5.12e-07
456860,1.536e-06
456878,1.6128e-05
456932,1.8688e-05
456946,9.1392e-05
456961,0.000121856
456983,4.096e-06
457073,4.864e-06
457155,1.1776e-05
457222,2.0992e-05
457235,8.704e-06
457304,2.0224e-05
457329,1.7152e-05
457387,1.408e-05
457453,5.632e-06
457476,2.9184e-05
457513,0.00023424
457532,0.00020352
457558,0.000172032
457560,0.000254464
457562,0.000502784
457624,3.5072e-05
457689,2.0224e-05
457734,1.0496e-05
457769,2.7648e-05
457842,2.6368e-05
457855,2.1504e-05
457887,1.2032e-05
457912,1.152e-05
457938,2.6368e-05
458043,1.1264e-05
458079,2.304e-06
458089,6.912e-06
458108,3.0976e-05
458158,5.5296e-05
458159,0.001133056
458165,0.000646912
458284,3.2256e-05
458313,5.632e-06
458322,3.5584e-05
458444,1.5616e-05
458496,4.352e-06
458530,3.7888e-05
458537,6.7072e-05
458572,9.728e-06
458585,9.7024e-05
458660,5.6064e-05
458673,7.936e-06
458707,4.0192e-05
458762,0.000970752
458770,0.001315584
458826,0.00088448
458860,2.944e-05
458900,4.352e-06
458915,1.024e-05
458945,4.2496e-05
458983,1.1008e-05
459059,2.3552e-05
459172,5.9392e-05
459205,6.2208e-05
459244,9.8048e-05
459363,2.7136e-05
459553,1.4336e-05
459573,7.68e-06
459587,5.9648e-05
459623,0.000106752
459655,1.28e-05
459680,3.5328e-05
459731,4.1728e-05
459760,0.000275456
459793,2.304e-05
459864,2.8928e-05
459870,1.7152e-05
459943,5.376e-05
459957,0.0
460131,3.6864e-05
460205,7.168e-06
460243,4.3264e-05
460398,5.4272e-05
460486,4.864e-06
460505,6.656e-06
460545,0.000104704
460569,4.9664e-05
460597,1.792e-05
460647,5.12e-07
460671,8.448e-06
460722,1.9456e-05
460756,0.00021376
460805,2.3552e-05
460896,7.3216e-05
460946,8.6784e-05
461022,1.152e-05
461027,6.528e-05
461037,9.0368e-05
461105,6.8096e-05
461205,2.7392e-05
461223,8.704e-06
461262,5.12e-06
461447,2.9952e-05
461539,2.048e-06
461562,2.432e-05
461608,3.6864e-05
461641,1.152e-05
461644,5.12e-06
461732,0.001505536
461763,0.001963264
461834,1.792e-06
461863,2.56e-06
461880,6.144e-05
461892,0.000120064
461919,3.584e-06
461961,1.2544e-05
461991,3.4304e-05
462039,8.704e-06
462120,9.472e-06
462153,1.024e-06
462158,2.2272e-05
462264,2.9952e-05
462322,5.7344e-05
462323,0.00088192
462369,1.2288e-05
462476,2.5088e-05
462659,1.4592e-05
462669,1.152e-05
462845,3.3024e-05
462871,1.0496e-05
462897,1.024e-06
462902,6.0672e-05
462956,7.5776e-05
463138,2.2016e-05
463239,1.2544e-05
463245,7.168e-06
463277,3.328e-06
463304,3.328e-05
463347,2.8672e-05
463375,2.4832e-05
463395,1.28e-05
463453,9.4976e-05
463518,2.0224e-05
463556,0.000155648
463597,1.792e-05
463616,7.936e-06
463624,0.000374528
463662,5.632e-06
463719,1.792e-06
463793,3.2256e-05
463829,2.8928e-05
463930,8.96e-06
463933,3.2e-05
464119,2.0224e-05
464135,1.536e-06
464146,7.936e-06
464204,5.888e-05
464260,3.9424e-05
464279,2.432e-05
464302,1.8176e-05
464434,1.792e-06
464446,9.216e-06
464534,5.4016e-05
464573,9.6768e-05
464577,4.608e-06
464595,0.00012288
464668,8.704e-06
464688,5.8368e-05
464732,7.6288e-05
464754,2.4576e-05
464757,0.00294272
464838,5.0688e-05
464897,9.472e-06
464945,5.2992e-05
464967,2.944e-05
465008,1.2032e-05
465071,1.3568e-05
465117,1.024e-06
465267,5.12e-07
465293,8.192e-06
465309,1.152e-05
465400,9.3184e-05
465457,2.4064e-05
465461,3.2e-05
465475,0.000843008
465549,1.152e-05
465613,3.968e-05
465779,8.448e-06
465802,0.000108544
465882,2.2784e-05
465945,1.664e-05
465956,3.2256e-05
466014,7.424e-06
466038,5.8624e-05
466143,0.000205824
466199,3.7376e-05
466269,0.000102656
466299,8.96e-06
466323,1.7664e-05
466377,2.2272e-05
466535,6.912e-06
466550,1.024e-05
466557,0.000161536
466560,2.048e-05
466565,4.0448e-05
466636,1.7664e-05
466655,1.536e-05
466675,0.00010624
466737,2.56e-07
466776,0.00021376
466834,2.4832e-05
466849,5.4784e-05
466896,1.792e-06
466902,3.712e-05
466962,0.000700416
467029,1.2288e-05
467139,1.6128e-05
467158,3.968e-05
467168,2.304e-06
467172,4.1728e-05
467323,7.0912e-05
467347,2.1248e-05
467354,8.2944e-05
467402,5.9648e-05
467482,3.5072e-05
467538,2.1504e-05
467561,8.192e-06
467569,0.0
467606,7.3472e-05
467746,0.00049536
467760,0.000389376
467877,0.00023296
467956,0.000128512
468005,5.5808e-05
468039,2.0224e-05
468139,5.12e-07
468190,1.28e-06
468229,3.3792e-05
468268,9.728e-06
468313,3.7888e-05
468345,4.352e-06
468417,4.5056e-05
468433,1.1776e-05
468455,4.864e-06
468530,1.792e-06
468553,6.912e-05
468571,3.328e-05
468604,0.000131072
468610,8.1152e-05
468663,5.8112e-05
468695,1.5616e-05
468806,1.5872e-05
468837,7.68e-06
468899,6.3488e-05
468919,4.352e-06
468945,8.2432e-05
468960,0.000645888
468965,0.000747776
469033,6.912e-06
469043,8.448e-06
469115,0.0
469231,0.0001152
469352,5.6576e-05
469391,3.2768e-05
469413,4.8896e-05
469473,7.424e-06
469479,2.9696e-05
469520,0.000244736
469557,4.2752e-05
469607,4.8384e-05
469654,6.144e-06
469701,2.176e-05
469718,3.84e-06
469828,8.704e-06
469855,3.8656e-05
469890,5.632e-06
469911,8.192e-06
469945,2.6112e-05
470014,3.328e-05
470041,7.68e-06
470130,1.1776e-05
470146,8.1664e-05
470181,4.352e-05
470187,8.1664e-05
470241,7.424e-06
470265,3.4816e-05
470354,4.608e-06
470365,1.024e-06
470391,1.0752e-05
470467,1.0752e-05
470549,2.56e-05
470574,5.12e-06
470587,3.0976e-05
470640,3.7376e-05
470647,3.328e-05
470727,1.536e-05
470757,0.000614912
470769,0.000108288
470853,3.5584e-05
470912,1.024e-05
471036,0.000232704
471075,2.2784e-05
471159,0.000159488
471196,2.6368e-05
471219,5.9136e-05
471275,2.0736e-05
471322,3.072e-06
471362,0.003065088
471466,1.152e-05
471486,1.8432e-05
471535,1.9456e-05
471565,3.5072e-05
471588,3.84e-06
471607,7.68e-06
471632,0.00036352
471685,3.6096e-05
471755,1.3568e-05
471796,1.3568e-05
471824,2.688e-05
471924,2.56e-07
471972,0.000138496
472031,0.000106752
472083,1.4592e-05
472131,5.5808e-05
472188,4.352e-06
472224,4.1472e-05
472304,3.9424e-05
472334,5.9648e-05
472369,0.000103936
472524,8.0896e-05
472544,2.5344e-05
472560,1.8432e-05
472605,1.1264e-05
472651,4.1984e-05
472818,4.864e-06
472848,3.2512e-05
472960,3.2256e-05
472983,0.000234496
473026,2.0736e-05
473045,6.4e-06
473146,2.8928e-05
473156,1.8944e-05
473159,0.00015488
473161,0.0010368
473412,0.00010496
473478,1.28e-06
473543,1.2032e-05
473563,2.7136e-05
473606,2.6112e-05
473646,5.12e-07
473659,3.5072e-05
473676,2.688e-05
473724,2.816e-06
473742,4.352e-06
473747,1.1264e-05
473797,5.8624e-05
473806,2.048e-05
473845,7.936e-06
473889,8.7296e-05
473960,6.7328e-05
473993,3.2256e-05
474024,2.6112e-05
474123,4.3008e-05
474216,1.0496e-05
474244,6.656e-06
474316,4.0704e-05
474335,3.1488e-05
474362,8.704e-06
474417,1.28e-05
474477,3.072e-06
474515,1.3056e-05
474675,7.0144e-05
474696,0.000330496
474813,8.064e-05
474859,1.1264e-05
474878,8.192e-05
474915,5.7344e-05
474952,2.048e-06
474956,8.7552e-05
474965,0.000102656
474968,0.00077696
475036,4.9152e-05
475107,3.5584e-05
475162,2.4064e-05
475215,4.0448e-05
475258,1.6896e-05
475274,2.304e-05
475287,2.0736e-05
475330,1.9968e-05
475338,4.864e-05
475387,2.9184e-05
475404,2.2528e-05
475510,1.9712e-05
475558,2.3552e-05
475560,0.000123648
475568,9.1136e-05
475609,1.7664e-05
475661,4.864e-06
475708,3.456e-05
475793,8.1408e-05
475827,5.0944e-05
475839,5.632e-05
475864,3.2e-05
476023,1.2032e-05
476057,3.84e-06
476203,1.0496e-05
476273,1.792e-06
476308,1.7664e-05
476358,2.944e-05
476435,1.792e-06
476475,4.4032e-05
476512,7.168e-06
476586,3.968e-05
476742,9.472e-06
476756,3.328e-06
476757,7.5008e-05
476760,0.000127232
476767,0.000287488
476827,1.1776e-05
476892,1.2032e-05
476932,7.424e-06
477012,1.7408e-05
477090,0.000145152
477197,1.664e-05
477260,0.000127232
477295,7.552e-05
477363,0.000273664
477389,4.352e-05
477543,4.4032e-05
477568,8.96e-06
477679,2.3552e-05
477717,2.6112e-05
477827,3.0976e-05
477869,1.2032e-05
477878,2.816e-05
477891,8.96e-06
477965,4.864e-06
478060,6.528e-05
478087,3.584e-06
478131,1.3056e-05
478133,1.4848e-05
478183,3.456e-05
478226,1.3312e-05
478273,0.0
478322,7.1424e-05
478474,7.5776e-05
478540,1.92e-05
478566,3.84e-06
478588,2.4576e-05
478661,8.704e-06
478737,2.8928e-05
478757,1.8944e-05
478837,3.328e-05
478916,1.7408e-05
478989,3.7376e-05
479042,1.4336e-05
479069,0.00013056
479108,8.3712e-05
479159,4.864e-06
479164,3.7632e-05
479173,4.864e-06
479212,9.984e-06
479244,6.5024e-05
479315,2.3808e-05
479338,4.352e-06
479397,5.2992e-05
479470,5.632e-06
479547,9.472e-05
479607,5.376e-06
479735,4.6336e-05
479749,2.3296e-05
479759,2.2272e-05
479760,0.001788928
479764,0.001865984
479846,4.3264e-05
479874,3.072e-06
479889,7.2448e-05
479921,6.912e-06
479991,4.096e-06
480050,2.048e-06
480094,0.00020864
480139,8.448e-06
480172,1.536e-06
480178,4.0448e-05
480340,1.8688e-05
480345,1.5872e-05
480358,5.8624e-05
480359,0.000166144
480497,3.4816e-05
480689,8.448e-06
480713,1.024e-05
480762,9.9584e-05
480810,8.448e-06
480896,1.5104e-05
480917,1.3824e-05
480942,5.9648e-05
480966,2.6624e-05
480973,0.000180224
481029,1.5104e-05
481045,7.424e-05
481093,8.192e-06
481127,5.8368e-05
481171,0.000134656
481228,3.9168e-05
481280,0.000105216
481336,4.0192e-05
481390,5.9904e-05
481433,8.704e-06
481498,5.3504e-05
481528,2.56e-06
481596,1.3056e-05
481649,5.9904e-05
481719,5.376e-06
481773,0.000147712
481832,3.2256e-05
481849,4.7616e-05
481900,9.0112e-05
481937,1.6384e-05
481972,7.168e-06
482000,1.2544e-05
482024,8.448e-06
482074,2.5088e-05
482161,0.000130304
482259,6.8608e-05
482288,6.656e-06
482376,0.000104704
482490,1.152e-05
482537,2.7392e-05
482610,0.000205568
482648,1.536e-05
482654,2.5856e-05
482753,8.2688e-05
482759,5.3248e-05
482907,5.5552e-05
482953,5.248e-05
482988,1.8688e-05
483023,3.328e-05
483043,1.3312e-05
483119,2.688e-05
483179,3.328e-06
483227,1.0752e-05
483311,2.304e-06
483356,9.8048e-05
483452,5.632e-06
483520,0.000201984
483563,1.3824e-05
483613,2.3296e-05
483641,1.3312e-05
483708,3.072e-05
483735,2.4576e-05
483756,3.6096e-05
483774,1.024e-06
483862,4.352e-06
483961,3.456e-05
484119,0.00011264
484143,3.5328e-05
484166,0.000260608
484214,5.12e-07
484265,0.000356864
484421,6.0928e-05
484437,2.9184e-05
484457,1.5872e-05
484471,4.3776e-05
484557,2.816e-06
484819,1.6128e-05
484842,2.5344e-05
484868,5.12e-07
484887,9.728e-06
485084,1.28e-06
485114,3.8656e-05
485124,4.1984e-05
485144,0.000111616
485163,6.9376e-05
485184,0.00018816
485214,0.000176128
485224,0.000162816
485234,7.8592e-05
485244,5.9392e-05
485254,0.00016896
485264,6.5536e-05
485284,0.00030464
485287,9.856e-05
485314,8.192e-05
485324,0.000248064
485344,0.000205056
485364,0.000488448
485374,5.6832e-05
485384,8.832e-05
485394,0.000335872
485424,2.0992e-05
485434,4.3264e-05
485454,0.0004352
485464,0.0005056
485504,0.00045824
485514,0.000412928
485534,0.000552448
485564,0.000577024
485590,0.00050432
485614,2.304e-05
485732,1.792e-06
485761,3.2768e-05
485764,2.304e-05
485785,0.000227072
485895,5.5552e-05
485958,7.8592e-05
485987,7.04e-05
486037,7.936e-06
486212,9.728e-06
486224,1.0752e-05
486242,6.1184e-05
486257,5.0688e-05
486337,9.1136e-05
486362,0.000933376
486427,9.472e-06
486428,8.96e-06
486448,1.28e-05
486500,1.4336e-05
486523,1.0496e-05
486551,4.7872e-05
486595,2.304e-05
486667,1.024e-05
486742,1.792e-05
486810,0.0
486852,0.000407552
486962,0.000119296
486966,0.001007616
487043,1.152e-05
487063,1.5104e-05
487093,2.3552e-05
487155,3.0976e-05
487173,1.1264e-05
487244,9.6256e-05
487307,1.3056e-05
487353,0.000100096
487367,5.7344e-05
487390,1.152e-05
487438,0.000146176
487545,0.0
487552,0.000144128
487645,4.864e-06
487688,3.9168e-05
487783,2.816e-05
487871,7.168e-06
488044,5.376e-06
488120,9.984e-06
488157,0.000224512
488185,3.3024e-05
488216,9.7536e-05
488248,7.168e-06
488384,0.000103168
488407,2.7648e-05
488464,1.1008e-05
488526,1.0496e-05
488553,6.1184e-05
488563,1.9712e-05
488591,0.00028544
488654,4.608e-06
488680,0.00186496
488760,6.656e-06
488766,3.8656e-05
488804,3.0976e-05
488834,3.712e-05
488894,1.2544e-05
488925,3.4816e-05
488946,0.000163328
489011,1.7408e-05
489029,2.6112e-05
489042,2.6624e-05
489131,3.7632e-05
489175,5.12e-06
489223,2.7904e-05
489262,5.888e-06
489319,7.8336e-05
489361,0.000121856
489456,0.000135424
489475,6.912e-06
489492,1.7408e-05
489537,7.4752e-05
489648,2.7392e-05
489681,2.2016e-05
489708,2.048e-06
489781,5.12e-06
489805,7.1424e-05
489863,2.816e-06
489943,8.1408e-05
489960,0.000132096
489962,0.000128
490030,0.00013184
490057,2.176e-05
490096,1.8176e-05
490138,0.0
490160,8.448e-06
490171,6.656e-06
490206,6.4e-06
490247,4.608e-06
490264,4.5056e-05
490328,6.144e-05
490341,2.5088e-05
490362,0.000133888
490365,0.000162048
490399,5.888e-06
490427,1.4592e-05
490484,2.4832e-05
490487,0.000168192
490545,1.3056e-05
490564,1.3824e-05
490568,4.8384e-05
490630,1.4592e-05
490650,2.8416e-05
490666,1.92e-05
490745,4.608e-06
491016,6.016e-05
491043,2.1248e-05
491158,0.000136448
491232,1.2032e-05
491260,2.304e-06
491345,4.5568e-05
491356,0.000255232
491408,3.328e-06
491442,4.096e-06
491514,5.0432e-05
491587,1.4336e-05
491664,0.00014208
491820,2.2016e-05
491849,2.1504e-05
491940,1.92e-05
491983,3.968e-05
492012,1.6384e-05
492050,5.9648e-05
492069,1.4848e-05
492195,2.3552e-05
492219,4.096e-06
492240,5.0944e-05
492265,3.2768e-05
492298,3.9168e-05
492346,0.00018304
492580,6.4e-05
492589,0.000102144
492634,6.8096e-05
492687,3.5328e-05
492691,0.000104704
492726,5.5552e-05
492757,0.000216064
492807,2.0992e-05
492878,1.7408e-05
492945,5.3504e-05
492956,8.448e-06
492968,0.000220928
493008,5.8112e-05
493038,9.984e-05
493097,1.8432e-05
493175,7.3984e-05
493205,1.7664e-05
493243,2.2272e-05
493265,0.000114176
493299,1.1264e-05
493367,5.0432e-05
493415,2.048e-06
493436,0.000101888
493486,3.84e-06
493498,0.00015488
493557,5.632e-05
493571,3.3792e-05
493644,4.1984e-05
493743,3.4816e-05
493787,1.664e-05
493811,6.4e-06
493833,6.0416e-05
493863,3.0208e-05
493912,1.9456e-05
493942,9.728e-06
494010,1.9712e-05
494114,1.3056e-05
494138,5.76e-05
494156,0.000127232
494215,5.12e-07
494231,3.072e-06
494285,0.00082048
494368,1.2544e-05
494439,9.984e-06
494576,0.000327424
494612,6.144e-06
494666,6.528e-05
494737,2.176e-05
494745,3.4304e-05
494757,0.001004288
494881,1.536e-06
494943,3.584e-05
494977,3.5584e-05
495056,0.000201216
495124,5.12e-07
495156,0.000134656
495200,2.56e-06
495271,2.5344e-05
495357,0.000299008
495363,0.00042624
495466,0.000362752
495506,7.6032e-05
495536,2.9952e-05
495546,0.000402176
495576,0.000163328
495616,0.00015744
495626,0.000363776
495656,1.3824e-05
495666,0.000100608
495676,5.8368e-05
495686,4.6848e-05
495696,0.00032768
495706,0.000473088
495726,0.0001728
495736,0.000196864
495746,9.2416e-05
495756,0.000113152
495766,0.0003072
495786,0.000113152
495796,0.000239872
495806,0.000139008
495816,0.000132608
495826,0.000436992
495836,4.736e-05
495846,7.3472e-05
495856,0.000204032
495876,0.000397824
495886,0.000647424
495896,5.2224e-05
495916,0.000212992
495926,0.000462848
495946,0.000533248
495966,0.000181504
495976,0.000522752
496016,0.000475136
496026,0.000612096
496036,0.000141568
496056,0.00029184
496076,0.000663552
496086,0.000423424
496106,9.0112e-05
496116,0.00050048
496126,0.00040192
496146,0.000391168
496166,0.000429824
496176,0.000707328
496246,9.9584e-05
496267,0.000185088
496271,0.000118784
496302,0.000193792
496357,1.92e-05
496382,0.00125312
496483,5.2736e-05
496513,9.728e-06
496554,1.1008e-05
496622,0.00091776
496640,9.1648e-05
496697,7.168e-06
496729,0.000610048
496760,1.7408e-05
496806,1.9456e-05
496828,6.144e-06
496854,5.1456e-05
496876,5.632e-06
496928,4.864e-05
496949,0.000640768
496981,2.048e-06
497016,2.048e-05
497141,2.048e-06
497145,0.000521984
497229,5.6832e-05
497244,0.000494848
497424,3.712e-05
497464,3.6864e-05
497495,7.936e-05
497518,3.1744e-05
497607,4.0192e-05
497625,1.4848e-05
497665,2.56e-07
497720,3.584e-06
497749,1.408e-05
497758,1.7152e-05
497835,2.2272e-05
497856,0.000825088
497892,2.7136e-05
497955,3.9424e-05
497977,3.3024e-05
498046,0.000265216
498069,1.8688e-05
498097,3.5328e-05
498156,2.7392e-05
498203,1.536e-06
498253,3.7888e-05
498358,1.3568e-05
498403,5.632e-05
498505,2.2784e-05
498520,3.1232e-05
498588,2.304e-05
498603,0.000104704
498644,8.5504e-05
498692,3.5584e-05
498720,3.0976e-05
498807,6.016e-05
498855,7.6288e-05
498908,0.000155904
498934,2.1248e-05
498959,0.000889344
499006,4.352e-06
499084,5.12e-07
499133,4.352e-06
499156,9.3696e-05
499216,7.936e-06
499255,0.000112128
499267,7.296e-05
499332,0.000104704
499361,3.7888e-05
499419,9.984e-06
499490,4.1984e-05
499559,6.144e-06
499847,1.3824e-05
499860,5.888e-06
499939,5.3504e-05
499940,0.000425472
500038,0.000123392
500073,6.656e-06
500122,2.4064e-05
500146,7.0656e-05
500156,6.1952e-05
500159,3.8144e-05
500170,0.005106432
500354,1.1008e-05
500445,4.608e-05
500501,4.608e-06
500530,2.9184e-05
500558,0.000206336
500601,1.792e-06
500680,2.2272e-05
500732,0.000106752
500745,2.9696e-05
500759,0.000209408
500764,6.8608e-05
500890,0.00031744
501015,2.56e-06
501019,2.304e-06
501122,5.12e-07
501147,0.0
501168,2.048e-05
501221,5.9136e-05
501239,1.536e-05
501329,1.2032e-05
501336,0.00012288
501360,3.84e-06
501361,5.888e-06
501365,9.0368e-05
501464,3.1744e-05
501507,3.072e-06
501513,8.192e-06
501539,3.7376e-05
501631,3.584e-06
501639,2.048e-05
501664,1.28e-05
501689,4.6592e-05
501779,8.4992e-05
501817,2.1248e-05
501838,0.000123648
501923,2.304e-06
501949,2.304e-05
501963,0.000281088
501984,0.000201216
502023,0.000102912
502054,1.9712e-05
502158,5.1968e-05
502200,9.728e-06
502300,0.0
502375,2.4832e-05
502386,1.2544e-05
502417,5.1456e-05
502453,0.000148224
502507,4.7872e-05
502557,1.9456e-05
502563,0.000444928
502569,8.6528e-05
502570,0.004829696
502657,1.9712e-05
502752,1.3568e-05
502798,9.984e-06
502855,2.9952e-05
502910,3.584e-06
502939,5.632e-05
502947,1.8688e-05
503015,6.656e-06
503056,2.048e-05
503145,2.2272e-05
503168,3.84e-06
503265,5.0432e-05
503349,8.448e-06
503374,2.5088e-05
503400,1.9456e-05
503530,1.4848e-05
503646,3.328e-06
503678,0.000366336
503727,2.5856e-05
503739,6.4768e-05
503758,7.0144e-05
503835,6.0928e-05
503850,0.000318976
503958,0.000150784
504017,1.3056e-05
504078,2.8416e-05
504109,5.632e-05
504227,1.3824e-05
504234,1.28e-05
504279,5.376e-06
504292,4.8384e-05
504331,2.2528e-05
504359,2.3296e-05
504411,6.3744e-05
504588,6.4e-06
504601,0.000157184
504610,1.28e-06
504665,2.56e-06
504720,2.048e-06
504766,1.1008e-05
504768,4.352e-05
504804,3.1744e-05
504877,1.3824e-05
504900,1.2544e-05
504909,1.792e-06
504946,3.9424e-05
504987,1.4336e-05
505039,4.352e-06
505067,2.3552e-05
505221,1.7152e-05
505248,0.000162048
505267,4.096e-06
505309,2.3552e-05
505352,2.7648e-05
505453,2.7648e-05
505472,2.176e-05
505563,0.000139776
505631,2.0736e-05
505679,2.8928e-05
505730,1.024e-06
505760,6.656e-06
505856,1.2544e-05
505931,3.5072e-05
505981,2.56e-07
506085,2.432e-05
506168,7.0656e-05
506285,2.0736e-05
506378,2.56e-07
506433,4.608e-06
506435,7.68e-06
506499,2.2528e-05
506556,4.1984e-05
506569,2.5856e-05
506603,3.584e-05
506696,1.8944e-05
506716,2.688e-05
506738,0.00010368
506746,2.56e-07
506748,0.001518848
506803,0.000155648
506828,4.8384e-05
506913,8.2176e-05
507032,2.2784e-05
507053,3.968e-05
507092,3.7888e-05
507295,8.3712e-05
507323,1.7408e-05
507346,1.792e-05
507357,7.8848e-05
507415,2.7904e-05
507462,1.28e-05
507546,2.0992e-05
507583,4.1472e-05
507619,4.6848e-05
507736,9.216e-06
507773,2.176e-05
507787,3.4304e-05
507800,4.1984e-05
507848,1.9968e-05
507907,3.0464e-05
507917,4.3264e-05
507956,4.096e-06
508066,1.1008e-05
508078,5.12e-06
508165,5.12e-07
508212,8.704e-06
508216,0.000389376
508318,9.728e-06
508327,2.0992e-05
508416,7.68e-07
508517,1.7408e-05
508545,0.000130816
508570,5.1968e-05
508605,0.00016768
508848,3.7888e-05
508948,5.7088e-05
509067,3.072e-06
509095,9.728e-06
509178,0.000112128
509207,3.456e-05
509235,7.68e-07
509249,3.1744e-05
509275,1.8944e-05
509307,4.352e-06
509324,0.000141568
509344,4.0448e-05
509365,4.0704e-05
509387,1.536e-06
509458,4.5568e-05
509489,5.12e-06
509515,1.3568e-05
509545,3.0976e-05
509621,2.8416e-05
509646,1.3824e-05
509693,0.00031616
509746,1.0496e-05
509765,0.000987136
509849,3.6864e-05
510025,3.4304e-05
510189,1.1264e-05
510195,8.192e-06
510295,2.816e-05
510314,6.656e-06
510360,6.5024e-05
510407,1.8432e-05
510425,1.5616e-05
510465,1.6896e-05
510629,1.28e-06
510658,0.000113152
510730,4.2752e-05
510787,3.1488e-05
510800,0.000664576
510832,0.000102656
510929,6.912e-06
510936,1.792e-05
510945,0.000368128
510967,0.000513792
511128,6.4e-06
511148,4.5568e-05
511230,3.2768e-05
511252,6.912e-06
511287,2.56e-05
511307,4.352e-05
511328,3.3792e-05
511338,0.000144384
511372,5.632e-06
511405,7.2192e-05
511438,1.0752e-05
511515,6.5024e-05
511546,0.000131328
511564,7.0656e-05
511632,8.192e-06
511688,1.792e-06
511768,8.96e-06
511779,3.328e-06
511881,4.864e-06
511908,9.728e-06
512010,2.6112e-05
512067,5.888e-05
512108,8.192e-06
512145,0.000105728
512166,0.00013312
512248,9.3184e-05
512271,3.5328e-05
512295,2.6112e-05
512321,4.096e-06
512362,1.3824e-05
512511,2.688e-05
512627,1.5616e-05
512638,6.5792e-05
512652,6.4e-06
512683,2.048e-06
512747,5.1712e-05
512762,4.224e-05
512829,0.000158464
512877,0.000173056
513064,9.0112e-05
513221,3.4816e-05
513232,0.000225536
513294,3.2256e-05
513331,4.5312e-05
513407,9.216e-06
513468,0.000102144
513548,3.2256e-05
513558,0.00015488
513644,2.6624e-05
513653,8.96e-06
513664,1.024e-05
513707,5.632e-06
513737,1.664e-05
513778,5.6832e-05
513821,0.000109824
513909,1.024e-05
513946,1.1008e-05
513957,4.0192e-05
514081,3.328e-05
514120,4.1984e-05
514227,9.984e-06
514247,4.608e-06
514267,6.144e-06
514269,4.8896e-05
514290,6.4512e-05
514312,5.5296e-05
514367,2.1248e-05
514397,3.3024e-05
514457,9.728e-06
514481,5.2992e-05
514524,3.84e-06
514558,0.000759552
514691,2.3552e-05
514702,2.304e-06
514708,5.6832e-05
514737,5.888e-05
514800,4.992e-05
514817,9.472e-06
514912,4.096e-06
515041,1.2032e-05
515063,5.376e-06
515100,0.001574912
515159,1.1264e-05
515227,4.992e-05
515335,1.28e-05
515350,4.4032e-05
515408,1.6128e-05
515487,5.7344e-05
515507,1.408e-05
515570,0.000308224
515639,5.2224e-05
515665,2.7392e-05
515699,2.5088e-05
515759,7.0144e-05
515789,3.9936e-05
515799,0.000132352
515908,3.0464e-05
515932,0.00186624
516085,2.304e-06
516093,9.728e-06
516126,0.00013568
516238,0.000304384
516300,3.1488e-05
516318,1.2544e-05
516339,1.9968e-05
516345,0.000130816
516361,0.00026368
516455,4.608e-06
516468,2.6624e-05
516518,2.3296e-05
516555,1.2544e-05
516673,7.68e-06
516757,1.1264e-05
516804,7.808e-05
516945,3.072e-06
516959,7.1424e-05
516965,0.000525312
517161,4.224e-05
517191,2.9184e-05
517307,8.7808e-05
517320,8.704e-06
517503,4.608e-06
517527,2.2784e-05
517557,4.2496e-05
517564,5.632e-06
517568,3.328e-05
517642,7.424e-06
517646,2.4576e-05
517777,7.68e-05
517829,1.9968e-05
517865,6.912e-06
517879,5.12e-07
517920,2.7136e-05
517933,6.5792e-05
518007,3.584e-06
518045,1.792e-06
518100,1.1776e-05
518105,2.432e-05
518135,2.176e-05
518156,6.7584e-05
518166,0.01999232
518261,5.12e-06
518309,0.000138496
518505,4.5056e-05
518624,2.5344e-05
518646,7.68e-06
518745,4.096e-06
518762,3.3536e-05
518770,9.984e-06
518820,0.00015744
518942,3.5072e-05
519047,5.12e-07
519050,7.8336e-05
519085,5.888e-06
519110,8.5504e-05
519164,0.000116224
519220,1.408e-05
519260,1.1264e-05
519299,3.0464e-05
519345,7.2448e-05
519366,5.1712e-05
519394,4.1216e-05
519429,5.3248e-05
519494,5.632e-06
519503,9.728e-06
519653,7.8336e-05
519701,2.304e-06
519707,2.432e-05
519721,9.6768e-05
519788,6.272e-05
519827,1.9968e-05
519892,5.8624e-05
519945,2.3808e-05
519949,8.704e-06
519979,2.5344e-05
520040,1.536e-06
520062,1.2288e-05
520147,1.6896e-05
520212,3.4048e-05
520284,9.216e-06
520311,2.5856e-05
520350,2.2016e-05
520436,2.2272e-05
520517,1.792e-05
520564,5.1712e-05
520648,0.00012672
520712,3.0208e-05
520727,8.448e-06
520780,2.304e-05
520822,8.7296e-05
520933,4.3776e-05
520957,0.000104448
521007,2.816e-06
521021,5.4016e-05
521047,3.1488e-05
521112,5.12e-07
521156,1.92e-05
521165,0.00024448
521229,0.00010752
521269,1.5616e-05
521345,1.0752e-05
521390,3.4304e-05
521571,4.352e-06
521617,1.8688e-05
521746,4.096e-05
521765,0.000758272
521766,0.02119424
521879,2.2784e-05
521923,1.9712e-05
521946,3.4048e-05
522017,8.2176e-05
522060,0.00011008
522090,1.7408e-05
522126,8.96e-06
522158,5.12e-07
522181,0.0
522192,6.3488e-05
522203,4.5824e-05
522240,2.7648e-05
522358,5.248e-05
522370,0.000257024
522446,3.3792e-05
522566,2.3552e-05
522616,1.0496e-05
522704,1.3568e-05
522850,4.2752e-05
522853,1.5872e-05
522935,3.84e-06
522952,4.352e-06
523051,5.12e-07
523088,6.784e-05
523107,2.7648e-05
523168,6.5024e-05
523295,8.8064e-05
523313,3.584e-06
523378,9.984e-06
523506,6.9632e-05
523565,5.248e-05
523600,4.3264e-05
523618,4.608e-06
523637,0.0
523676,7.1936e-05
523813,2.048e-05
523907,2.56e-07
523919,0.000120064
523965,6.4e-06
523970,5.9904e-05
524048,3.5072e-05
524058,2.2528e-05
524165,3.5072e-05
524288,2.0736e-05
524319,6.144e-06
524321,3.4304e-05
524402,0.000149504
524569,3.072e-06
524719,1.1776e-05
524745,0.000141312
524759,0.000481536
524829,4.224e-05
524848,8.96e-06
524881,3.712e-05
524912,9.216e-06
525052,1.3824e-05
525131,5.7856e-05
525152,1.8432e-05
525210,0.000122112
525276,0.000209664
525312,3.2512e-05
525342,0.000370176
525359,0.000605184
525447,5.888e-06
525505,1.28e-05
525517,0.000158208
525576,9.728e-06
525645,3.456e-05
525713,3.0464e-05
525749,3.84e-06
525808,0.000107264
525895,7.168e-06
525940,3.2512e-05
525960,2.0736e-05
526015,0.000124416
526114,4.0704e-05
526155,1.6896e-05
526175,2.5088e-05
526225,8.0128e-05
526348,0.000119552
526417,0.000744448
526494,6.144e-06
526568,2.304e-05
526587,8.704e-06
526596,2.0736e-05
526647,6.144e-06
526667,7.68e-06
526712,1.6384e-05
526750,1.6896e-05
526787,5.4528e-05
526827,9.216e-06
526874,0.000175104
526916,2.56e-05
526977,3.6352e-05
527039,2.56e-06
527058,2.3808e-05
527120,2.176e-05
527187,4.736e-05
527222,5.4784e-05
527265,4.9152e-05
527297,2.304e-05
527499,2.2528e-05
527547,4.7872e-05
527568,1.6384e-05
527667,1.28e-06
527767,4.736e-05
527836,2.5344e-05
527860,2.4576e-05
527898,4.4032e-05
527949,3.6352e-05
527991,7.936e-06
528029,2.7648e-05
528153,0.00014464
528244,7.936e-06
528254,5.632e-06
528275,2.0992e-05
528345,0.001831424
528482,1.3568e-05
528564,1.8688e-05
528584,1.9968e-05
528625,5.12e-06
528642,7.6288e-05
528684,5.5808e-05
528814,9.984e-06
528843,2.816e-05
528903,2.6368e-05
528946,8.96e-06
529044,2.56e-07
529047,4.4288e-05
529071,0.000108544
529100,3.8656e-05
529180,1.7408e-05
529200,9.3952e-05
529222,2.2016e-05
529392,3.072e-06
529427,4.352e-06
529445,1.6384e-05
529556,0.0
529558,0.000980736
529637,4.4288e-05
529694,0.000695808
529772,2.7392e-05
529804,1.1008e-05
529936,0.000146944
530038,6.784e-05
530068,1.7152e-05
530117,2.7904e-05
530156,5.5552e-05
530215,4.1984e-05
530228,7.68e-07
530258,2.5344e-05
530330,6.2464e-05
530371,1.024e-06
530388,1.792e-06
530408,2.6624e-05
530691,4.0192e-05
530745,1.7152e-05
530746,0.000114688
530774,0.000143104
530783,0.0001792
530814,0.000113664
530839,1.6128e-05
530891,2.8672e-05
530894,6.912e-06
530998,1.7152e-05
531012,7.3728e-05
531045,2.688e-05
531070,2.0224e-05
531113,0.000163328
531132,0.00084992
531229,1.792e-06
531305,1.28e-05
531346,0.000355072
531364,0.000287232
531387,7.168e-06
531489,0.00052096
531501,0.000265984
531519,3.8912e-05
531574,0.000176384
531587,0.00066688
531689,0.000531968
531898,0.000309248
531902,0.000352512
531912,0.00024832
531918,4.9664e-05
531950,0.000132608
531958,0.002866176
531964,0.000167424
531993,0.000347648
531996,0.008392192
532070,0.000526848
532083,0.00184832
532196,7.168e-06
532232,1.3312e-05
532241,2.816e-06
532355,0.000649472
532432,6.144e-06
532479,0.0001344
532558,0.001778944
532616,1.6128e-05
532696,9.728e-06
532759,2.304e-06
532805,2.56e-06
532827,5.0688e-05
532922,5.12e-07
533087,1.1264e-05
533261,3.7632e-05
533318,1.0496e-05
533347,1.024e-06
533373,2.1504e-05
533428,3.072e-06
533440,3.328e-06
533461,3.6352e-05
533495,1.8688e-05
533533,3.9936e-05
533548,3.3792e-05
533639,6.528e-05
533691,5.3504e-05
533745,1.6128e-05
533752,5.5296e-05
533760,0.000336896
533800,4.6848e-05
533892,5.12e-07
533927,5.376e-06
533942,3.5328e-05
534011,0.000704768
534132,5.632e-06
534189,1.8432e-05
534232,5.76e-05
534267,0.000106752
534320,2.5088e-05
534343,4.5824e-05
534362,1.9968e-05
534376,6.656e-05
534436,2.56e-06
534464,7.6032e-05
534522,5.6576e-05
534554,3.6864e-05
534645,4.1728e-05
534694,7.2704e-05
534757,2.6368e-05
534800,7.0144e-05
534852,1.2544e-05
534896,2.0224e-05
534950,9.0112e-05
534962,0.004654336
535083,2.2784e-05
535144,1.152e-05
535171,2.9696e-05
535267,1.2032e-05
535280,1.6896e-05
535419,2.0224e-05
535427,7.68e-07
535530,2.816e-06
535543,3.072e-06
535555,2.4832e-05
535684,0.00014592
535724,2.048e-06
535727,7.9104e-05
535836,0.000109568
535877,2.56e-05
535892,1.6128e-05
535982,0.001049344
536016,0.00016896
536064,4.5568e-05
536087,4.7616e-05
536126,1.4336e-05
536148,9.216e-06
536159,8.704e-06
536160,0.012601088
536221,3.4304e-05
536381,2.4064e-05
536495,1.5616e-05
536530,5.248e-05
536641,5.12e-07
536707,4.9152e-05
536729,9.728e-06
536746,2.816e-05
536763,3.0976e-05
536766,0.004601088
536839,3.84e-06
536907,5.5296e-05
536923,9.3696e-05
536993,4.0192e-05
537023,1.792e-05
537044,8.192e-06
537117,9.8304e-05
537234,4.096e-06
537255,6.4e-06
537286,7.168e-06
537310,0.000411136
537363,0.000208384
537374,0.000154368
537388,2.9184e-05
537421,7.424e-06
537517,3.9424e-05
537522,6.4e-06
537547,2.048e-06
537584,3.072e-06
537695,8.96e-06
537762,3.6608e-05
537766,6.8608e-05
537833,1.2032e-05
537882,5.376e-06
537887,1.1008e-05
537945,1.536e-06
537959,2.6624e-05
537966,1.8944e-05
538037,5.376e-06
538041,1.408e-05
538052,0.000114688
538069,1.536e-06
538126,7.424e-05
538131,0.00039936
538188,1.3312e-05
538232,5.7088e-05
538409,5.0944e-05
538467,0.000470272
538514,2.2016e-05
538559,0.000380672
538560,0.001969408
538563,0.00022912
538606,0.000424448
538662,0.000771072
538707,0.001225472
538748,0.004513536
538832,6.0416e-05
538952,0.001356032
538955,0.002061824
538996,0.000154368
539008,7.2192e-05
539014,9.8048e-05
539072,2.3552e-05
539105,2.9696e-05
539132,0.001224192
539161,0.000101888
539207,0.000382208
539230,2.048e-06
539253,7.7568e-05
539272,6.272e-05
539295,4.1472e-05
539362,3.328e-05
539503,4.48e-05
539593,0.00012288
539607,0.000138752
539680,4.6336e-05
539722,6.1696e-05
539760,8.1408e-05
539777,0.000866048
539857,1.8432e-05
539859,9.728e-05
539889,3.0976e-05
539950,6.1696e-05
539987,1.024e-06
540074,4.5824e-05
540134,3.5328e-05
540229,1.5616e-05
540297,1.28e-05
540348,0.00012928
540401,9.216e-06
540429,3.5328e-05
540457,2.56e-06
540478,9.9072e-05
540494,5.12e-07
540554,2.304e-05
540599,1.536e-06
540726,6.144e-06
540735,3.712e-05
540801,1.4592e-05
540884,3.8912e-05
540928,2.3552e-05
540939,1.5616e-05
540962,1.28e-05
541048,5.8112e-05
541101,1.28e-06
541116,0.000283904
541169,1.0752e-05
541187,0.000154624
541210,3.4048e-05
541225,0.000235264
541267,2.048e-06
541325,1.8176e-05
541399,7.6032e-05
541415,2.2784e-05
541440,0.000192512
541509,2.432e-05
541527,2.56e-06
541565,9.984e-06
541568,3.7888e-05
541637,6.4768e-05
541658,3.84e-06
541687,7.68e-07
541758,1.7664e-05
541867,2.0736e-05
541881,1.792e-06
541920,4.224e-05
541941,0.000565504
541983,0.000136704
542031,5.12e-05
542060,2.2528e-05
542107,2.2016e-05
542159,0.00021376
542286,1.1264e-05
542361,3.7376e-05
542375,4.9152e-05
542392,5.376e-05
542544,7.68e-07
542577,5.8112e-05
542598,8.704e-06
542700,7.4752e-05
542762,0.000223232
542764,0.000357888
542848,7.2448e-05
542901,5.504e-05
543024,1.4336e-05
543056,0.000141056
543091,3.7376e-05
543143,2.7136e-05
543292,6.2976e-05
543319,4.864e-06
543353,7.936e-06
543359,8.2688e-05
543549,4.352e-06
543571,0.00010112
543612,2.56e-06
543730,5.9392e-05
543787,3.0464e-05
543842,4.352e-06
543879,2.0224e-05
543957,5.376e-05
543960,0.000125184
543985,0.00162816
544169,0.000950528
544277,3.8912e-05
544340,6.144e-06
544376,0.00083328
544479,1.6384e-05
544552,3.584e-06
544562,5.0688e-05
544583,1.4848e-05
544691,2.688e-05
544720,3.6096e-05
544738,2.1248e-05
544761,3.4048e-05
544987,1.024e-05
545069,5.4528e-05
545105,8.704e-06
545145,0.000975104
545163,3.584e-06
545168,0.002094336
545225,0.000104448
545292,9.728e-06
545310,1.3568e-05
545400,2.4832e-05
545447,0.000879872
545616,0.00016512
545674,4.096e-06
545745,4.864e-06
545758,0.000912896
545898,0.001379072
545959,1.1776e-05
545966,2.2272e-05
546031,0.000244224
546060,7.168e-06
546077,6.912e-06
546105,0.000198144
546162,3.328e-06
546199,3.6864e-05
546273,5.376e-06
546298,1.6896e-05
546357,1.536e-06
546361,0.000128512
546427,5.12e-06
546447,1.1264e-05
546500,2.816e-05
546553,2.9952e-05
546650,5.888e-06
546681,9.728e-05
546719,0.000729856
546778,0.000102144
546812,1.536e-05
546813,3.6352e-05
546914,2.7648e-05
546925,1.3056e-05
546947,3.1488e-05
546956,0.000137728
547015,0.000120832
547033,3.584e-06
547065,0.000901632
547089,3.7632e-05
547165,2.816e-06
547265,1.792e-05
547285,0.000208384
547305,0.000173056
547355,0.000163328
547365,0.000163584
547375,0.000198656
547395,0.000146688
547405,0.00031104
547415,6.2976e-05
547435,4.608e-05
547445,4.9152e-05
547465,0.000450048
547475,0.000545536
547495,0.000599808
547505,0.000451328
547545,0.00073984
547575,0.000402944
547605,3.6864e-05
547635,0.00021248
547645,4.1984e-05
547687,0.000249856
547795,1.152e-05
547868,0.000102912
547947,1.8944e-05
547979,4.48e-05
548101,5.12e-07
548166,2.9696e-05
548178,4.9664e-05
548264,1.0496e-05
548311,8.96e-06
548347,3.6864e-05
548394,4.5312e-05
548427,2.304e-06
548469,3.4816e-05
548517,2.7904e-05
548545,8.448e-06
548566,3.5072e-05
548657,2.7904e-05
548689,5.376e-06
548745,0.000135168
548759,0.001010432
548765,0.000147456
548818,8.96e-06
548833,3.456e-05
548870,4.1216e-05
548892,0.000109312
548957,4.1728e-05
548978,2.56e-07
549007,2.8672e-05
549054,0.000158208
549146,0.000272128
549196,2.816e-05
549238,2.0992e-05
549240,4.864e-05
549261,1.024e-06
549356,3.2256e-05
549377,1.7664e-05
549409,0.000179968
549420,2.2784e-05
549479,3.7888e-05
549508,1.0752e-05
549573,2.2016e-05
549597,2.7136e-05
549697,5.2736e-05
549825,2.2528e-05
549960,0.0002304
550000,0.000163072
550082,6.144e-06
550121,2.3808e-05
550359,2.048e-06
550407,5.12e-06
550423,1.2032e-05
550518,1.4592e-05
550545,9.728e-06
550556,5.5296e-05
550646,1.4592e-05
550680,4.9408e-05
550769,3.6352e-05
550799,7.04e-05
550838,2.56e-05
550903,1.792e-05
550995,5.376e-05
551025,9.216e-06
551084,4.1984e-05
551127,1.28e-06
551158,0.000663552
551241,9.984e-06
551285,2.56e-05
551323,1.5872e-05
551355,3.456e-05
551400,5.376e-06
551449,3.456e-05
551484,7.936e-06
551536,1.7152e-05
551557,3.3792e-05
551619,8.448e-06
551660,7.424e-06
551707,2.816e-06
551727,0.000260096
551757,0.005719296
551764,0.015003136
551857,2.5344e-05
551899,7.68e-07
551991,3.328e-06
552018,5.888e-05
552091,2.2784e-05
552116,1.28e-06
552158,1.9968e-05
552177,3.072e-05
552295,5.888e-05
552465,1.2544e-05
552484,2.432e-05
552539,9.9584e-05
552564,6.912e-06
552648,2.9184e-05
552662,2.8416e-05
552678,3.328e-06
552719,2.3552e-05
552741,1.536e-05
552853,2.0224e-05
552855,0.000200448
552883,2.048e-05
552887,4.096e-05
552895,1.1008e-05
552950,0.000240128
552967,7.7056e-05
552999,6.144e-06
553041,2.944e-05
553080,3.072e-06
553114,3.0208e-05
553138,1.7408e-05
553207,1.792e-06
553400,3.2256e-05
553496,4.864e-05
553516,2.0224e-05
553556,0.000193536
553667,2.048e-06
553725,5.4272e-05
553743,0.000223232
553825,0.000190208
553895,5.12e-07
553928,3.1488e-05
553970,2.816e-06
553993,2.048e-06
554010,1.3056e-05
554028,7.808e-05
554055,4.5056e-05
554139,0.000212224
554168,0.0003072
554317,3.328e-06
554433,2.816e-06
554620,2.4832e-05
554638,7.424e-06
554671,4.9408e-05
554762,0.001245184
554863,2.304e-05
554900,5.9136e-05
554975,8.704e-06
554979,3.9168e-05
554997,6.656e-06
555030,0.000102912
555116,4.864e-06
555144,8.0384e-05
555171,1.28e-05
555177,6.3744e-05
555208,3.968e-05
555287,0.000154112
555309,0.000289024
555356,1.536e-05
555360,6.3744e-05
555365,0.000502784
555368,0.003935488
555440,4.9664e-05
555500,1.7152e-05
555598,3.0976e-05
555682,9.728e-06
555702,2.6112e-05
555867,1.024e-06
555874,1.3824e-05
555896,5.632e-06
555992,7.424e-06
556092,2.0224e-05
556217,7.2704e-05
556345,1.0496e-05
556371,1.8944e-05
556467,7.68e-06
556476,1.0496e-05
556485,7.68e-06
556511,0.000152832
556564,2.0736e-05
556598,0.000100608
556707,1.024e-05
556725,1.1264e-05
556887,4.608e-06
556903,5.2992e-05
556934,1.8176e-05
556959,6.5024e-05
557018,1.5616e-05
557041,2.56e-05
557268,0.000123648
557478,1.4336e-05
557501,3.9424e-05
557569,1.152e-05
557635,2.4064e-05
557689,1.0752e-05
557712,4.0192e-05
557730,1.0752e-05
557751,0.000145664
557762,0.000294656
557780,0.00182144
557903,2.3552e-05
557927,3.84e-06
557942,1.28e-05
557978,3.072e-06
558039,5.76e-05
558067,7.68e-07
558069,1.1008e-05
558100,1.9968e-05
558123,2.304e-05
558153,1.9968e-05
558215,6.912e-06
558223,2.3552e-05
558278,1.8688e-05
558287,1.3312e-05
558305,5.4016e-05
558320,2.7648e-05
558356,4.0704e-05
558359,0.000207616
558364,0.000884736
558497,1.3824e-05
558527,7.6032e-05
558548,9.216e-06
558560,6.2208e-05
558618,6.5792e-05
558637,2.5088e-05
558655,2.1504e-05
558683,1.9712e-05
558727,7.168e-05
558793,3.0976e-05
558836,0.000133632
558892,4.608e-06
558925,1.2288e-05
558968,0.000228608
559006,7.3984e-05
559044,2.944e-05
559063,4.9664e-05
559091,1.3312e-05
559114,3.072e-06
559152,5.376e-06
559183,1.536e-05
559185,5.9136e-05
559205,1.152e-05
559249,4.1472e-05
559265,1.3568e-05
559292,4.8384e-05
559315,2.0224e-05
559325,0.000225024
559352,0.00013184
559441,8.704e-06
559452,1.792e-05
559540,5.632e-06
559560,9.2416e-05
559564,0.00013568
559725,5.2992e-05
559848,0.000200192
559964,9.2928e-05
560021,1.9968e-05
560048,2.3296e-05
560069,1.5104e-05
560107,3.9168e-05
560139,2.304e-06
560156,3.968e-05
560163,0.000173568
560212,1.7664e-05
560272,1.1776e-05
560281,0.000655872
560475,2.3296e-05
560477,6.6304e-05
560502,3.7376e-05
560535,2.176e-05
560553,3.3536e-05
560599,1.7408e-05
560627,3.6352e-05
560707,1.28e-06
560720,1.024e-06
560745,7.68e-07
560756,0.00023168
560761,0.00089088
560766,0.001880832
560827,3.2e-05
560909,1.024e-05
560935,1.4592e-05
560953,3.0464e-05
561034,1.4592e-05
561062,3.1488e-05
561107,4.8896e-05
561157,2.56e-06
561189,0.000384256
561241,8.448e-06
561275,3.7888e-05
561346,7.0912e-05
561354,7.2704e-05
561361,0.000556544
561362,0.00016384
561411,1.3568e-05
561567,1.28e-05
561595,6.4e-06
561612,0.000102656
561664,7.68e-06
561723,4.8384e-05
561731,6.5792e-05
561788,2.5856e-05
561805,5.632e-06
561808,4.6592e-05
561846,0.0001024
561887,5.12e-06
561901,1.6128e-05
561957,1.3568e-05
561984,0.000356096
562027,5.12e-07
562094,0.000146688
562225,5.5552e-05
562253,3.712e-05
562293,0.000151552
562369,3.6096e-05
562388,2.4576e-05
562448,4.5568e-05
562501,2.432e-05
562539,2.9184e-05
562564,2.816e-05
562601,6.912e-06
562627,1.2544e-05
562654,6.4768e-05
562689,2.4576e-05
562701,1.3312e-05
562730,3.4816e-05
562785,0.000153088
562900,2.304e-05
562901,0.000189952
562932,2.9184e-05
562947,4.224e-05
562976,1.4848e-05
562996,2.304e-06
563060,3.4816e-05
563092,2.56e-07
563159,5.8112e-05
563166,0.000251648
563245,4.7872e-05
563295,4.1472e-05
563384,2.816e-06
563478,2.7392e-05
563480,7.4752e-05
563521,3.7376e-05
563637,2.7648e-05
563696,0.000101632
563857,2.2272e-05
564001,1.9456e-05
564015,5.12e-05
564104,1.664e-05
564152,1.7664e-05
564176,2.4576e-05
564354,2.2784e-05
564358,0.0001024
564401,3.584e-06
564474,5.5808e-05
564536,1.3312e-05
564631,2.816e-06
564645,2.0736e-05
564681,3.6608e-05
564768,1.8688e-05
564770,2.432e-05
564810,1.4336e-05
564911,7.1168e-05
564916,4.352e-05
564946,0.000687616
564993,0.000206336
565016,8.1152e-05
565067,2.4576e-05
565107,2.7904e-05
565125,0.00104064
565162,4.5312e-05
565233,3.1232e-05
565268,1.0752e-05
565276,2.2272e-05
565322,8.1408e-05
565393,1.2544e-05
565415,6.4256e-05
565427,4.4288e-05
565441,3.072e-05
565475,1.8944e-05
565519,4.096e-06
565560,0.000117504
565572,0.000120064
565640,1.2032e-05
565676,0.000630528
565758,5.1712e-05
565827,9.344e-05
565847,6.144e-05
566052,4.096e-06
566101,9.2928e-05
566146,0.00013312
566196,3.584e-06
566212,3.6864e-05
566244,8.704e-06
566334,7.6288e-05
566366,3.456e-05
566433,5.5808e-05
566498,1.8688e-05
566503,0.000142592
566572,1.28e-06
566720,1.9712e-05
566739,1.536e-06
566750,0.000105216
566758,9.6768e-05
566765,6.9632e-05
566814,5.4528e-05
566833,4.3264e-05
566887,1.7664e-05
566908,1.0496e-05
566952,2.9184e-05
566977,1.536e-06
567058,2.4576e-05
567066,0.00036608
567098,0.000152832
567183,7.04e-05
567213,1.1776e-05
567239,3.6864e-05
567329,1.4848e-05
567407,9.728e-06
567438,4.1216e-05
567460,3.2512e-05
567513,2.0992e-05
567570,1.4592e-05
567610,8.4736e-05
567735,5.376e-06
567739,2.6112e-05
567766,3.84e-06
567800,5.0944e-05
567945,0.000312064
568033,3.84e-06
568120,8.3456e-05
568194,3.8144e-05
568335,4.0704e-05
568418,2.176e-05
568455,9.2416e-05
568545,3.456e-05
568559,6.0928e-05
568564,0.00020352
568685,1.024e-06
568719,4.6848e-05
568720,3.5584e-05
568766,6.912e-06
568791,5.3248e-05
568868,3.5328e-05
568884,5.3248e-05
568950,9.216e-06
569005,4.352e-06
569033,5.8112e-05
569056,6.0416e-05
569129,7.424e-06
569153,1.536e-06
569162,0.001624832
569194,0.000424704
569276,3.0464e-05
569278,0.000144384
569295,3.1488e-05
569387,3.5328e-05
569450,6.656e-06
569491,7.7312e-05
569629,3.5584e-05
569651,4.352e-06
569668,9.7024e-05
569768,3.584e-05
569820,0.000161024
569867,2.176e-05
569900,2.2272e-05
569916,1.7152e-05
570025,4.3776e-05
570050,0.000101888
570107,2.176e-05
570227,0.000102912
570247,3.6352e-05
570262,2.4064e-05
570314,2.56e-07
570345,3.5072e-05
570357,0.001333504
570388,3.968e-05
570533,8.704e-06
570591,2.816e-05
570619,1.28e-05
570643,1.792e-06
570685,1.4336e-05
570762,5.1456e-05
570770,7.936e-06
570796,7.168e-06
570875,7.168e-06
570893,4.864e-05
570945,6.7584e-05
570964,0.000205824
570987,3.2256e-05
571051,2.3296e-05
571075,8.7552e-05
571123,2.5856e-05
571330,3.0976e-05
571366,8.832e-05
571462,5.4528e-05
571466,5.4016e-05
571485,2.7648e-05
571520,2.304e-05
571528,7.68e-07
571562,7.8592e-05
571625,0.000104448
571707,3.0464e-05
571738,0.000210432
571807,4.5312e-05
571829,1.536e-06
571851,7.2448e-05
571909,3.328e-05
571939,6.8608e-05
571969,3.328e-06
572011,2.56e-07
572055,0.000101376
572076,0.000172032
572145,3.4304e-05
572153,1.2544e-05
572160,0.000150528
572165,8.0128e-05
572285,2.304e-06
572303,1.4592e-05
572335,1.024e-05
572370,9.7792e-05
572419,1.2288e-05
572455,4.992e-05
572479,3.1488e-05
572520,3.3536e-05
572538,3.8656e-05
572550,5.12e-07
572607,2.56e-07
572643,5.3504e-05
572679,0.000124928
572682,1.6384e-05
572756,8.1152e-05
572888,1.8432e-05
572953,1.3056e-05
573008,7.2704e-05
573070,1.408e-05
573089,3.3024e-05
573125,4.224e-05
573191,1.792e-06
573198,2.56e-07
573203,0.000306688
573315,3.4304e-05
573337,0.000151552
573361,7.6544e-05
573381,1.1264e-05
573382,0.00017024
573416,5.6576e-05
573449,6.6048e-05
573539,5.888e-06
573553,6.144e-06
573587,1.3824e-05
573612,7.424e-05
573718,3.4304e-05
573761,4.1728e-05
573785,6.144e-06
573824,2.1504e-05
573941,7.424e-06
573964,1.1264e-05
574060,1.024e-06
574063,1.3824e-05
574228,1.664e-05
574304,1.536e-05
574364,7.936e-06
574423,0.000100608
574469,2.1248e-05
574489,3.5072e-05
574554,0.000103424
574558,0.000670976
574634,2.5856e-05
574715,2.304e-06
574728,8.96e-06
574793,1.3056e-05
574802,0.00010496
574870,7.68e-07
574939,0.00018304
575080,2.176e-05
575139,1.9456e-05
575227,2.0224e-05
575313,1.3824e-05
575358,3.1744e-05
575401,3.584e-06
575448,6.8608e-05
575478,4.6848e-05
575492,2.048e-06
575504,1.536e-05
575557,1.6384e-05
575588,0.000502784
575651,1.7152e-05
575664,3.6352e-05
575692,1.9968e-05
575720,1.792e-05
575747,9.216e-06
575759,5.9648e-05
575760,0.000155392
575853,1.9712e-05
575898,2.2528e-05
575951,2.5856e-05
576025,1.024e-05
576055,5.888e-06
576098,0.000123904
576121,0.000196096
576161,1.664e-05
576184,0.000380672
576244,2.2528e-05
576257,0.000108288
576337,5.12e-06
576389,8.704e-06
576421,4.736e-05
576479,0.0001216
576563,9.728e-06
576579,4.5312e-05
576604,1.8432e-05
576651,5.8112e-05
576814,3.1488e-05
576898,2.6624e-05
576925,1.536e-05
576949,0.00018304
576958,0.000154624
576995,1.3056e-05
577015,3.7632e-05
577064,7.68e-05
577103,5.8624e-05
577167,4.0704e-05
577177,0.000778496
577232,2.816e-06
577250,5.632e-06
577276,4.864e-06
577545,1.8688e-05
577555,1.9712e-05
577570,0.000278272
577684,6.144e-06
577721,3.712e-05
577727,0.00010496
577755,9.3184e-05
577794,1.792e-05
577897,1.92e-05
577992,5.632e-06
578003,7.936e-06
578043,5.12e-06
578087,2.7648e-05
578105,7.68e-07
578132,1.408e-05
578154,7.424e-06
578161,5.504e-05
578261,1.1776e-05
578287,5.12e-05
578324,3.5072e-05
578372,4.096e-06
578410,0.00010624
578413,0.000169984
578542,1.1776e-05
578561,2.7904e-05
578614,9.216e-06
578682,1.4336e-05
578722,4.352e-06
578756,2.3552e-05
578762,0.000115968
578840,6.8096e-05
578892,1.1008e-05
578904,7.936e-05
578927,4.352e-06
578985,2.2784e-05
579047,5.5808e-05
579091,6.656e-06
579184,4.608e-06
579204,1.1776e-05
579251,1.5104e-05
579260,6.912e-05
579290,2.2528e-05
579304,2.176e-05
579322,2.9184e-05
579357,4.5056e-05
579366,2.7904e-05
579374,2.176e-05
579407,9.216e-06
579424,2.816e-05
579448,6.0672e-05
579580,7.296e-05
579626,1.92e-05
579664,5.3248e-05
579708,8.7808e-05
579743,2.8928e-05
579767,1.8176e-05
579797,0.000141312
579812,2.9696e-05
579881,2.7136e-05
579897,1.792e-06
579966,8.4736e-05
579973,2.048e-06
580022,2.8672e-05
580040,1.8176e-05
580078,1.536e-05
580148,2.1248e-05
580168,6.912e-06
580215,1.1776e-05
580293,3.84e-06
580302,0.000106752
580422,5.632e-06
580452,1.024e-05
580523,8.0384e-05
580568,1.0752e-05
580599,3.328e-06
580642,1.6896e-05
580647,4.608e-06
580656,2.4064e-05
580707,3.584e-06
580708,0.0004992
580804,2.2528e-05
580959,3.2e-05
581011,2.7136e-05
581046,5.632e-05
581124,0.00015104
581160,0.000923904
581246,8.192e-06
581309,4.1984e-05
581335,0.000235264
581375,5.1456e-05
581421,2.56e-07
581639,3.7888e-05
581667,4.864e-06
581746,0.000284672
581760,0.000249344
581792,0.000123392
581807,1.3568e-05
581865,0.000210944
581999,1.9456e-05
582048,0.000118528
582058,5.12e-06
582079,1.3056e-05
582102,3.584e-06
582134,1.536e-06
582148,8.704e-05
582328,1.3312e-05
582345,0.000102912
582356,0.000103168
582413,4.608e-06
582448,6.6048e-05
582459,0.000165888
582550,5.76e-05
582587,2.6624e-05
582603,1.5872e-05
582606,0.000182016
582638,1.3312e-05
582652,2.56e-05
582686,3.9936e-05
582731,6.3488e-05
582828,0.000146432
582857,0.00032512
582930,0.00011776
582958,0.000250624
582968,0.000468224
583007,2.4832e-05
583082,8.96e-06
583087,1.0752e-05
583102,0.000131584
583116,6.5536e-05
583187,0.000120064
583257,0.000143104
583307,2.048e-06
583327,9.4464e-05
583357,6.4256e-05
583387,5.0432e-05
583397,1.7152e-05
583417,0.000219648
583447,7.5264e-05
583457,0.000293376
583487,0.000312576
583507,0.000375808
583518,0.000908032
583547,0.000156928
583557,0.000585984
583587,0.000107264
583607,0.000347904
583627,2.3296e-05
583637,5.6064e-05
583657,0.000100352
583667,0.000356096
583677,0.000657152
583700,0.000294912
583707,0.000104192
583717,8.32e-05
583727,0.00010496
583737,3.6096e-05
583747,0.000149248
583757,0.000384
583787,0.000428544
583797,0.00026368
583817,0.000177152
583837,0.00031872
583857,4.0448e-05
583867,0.000502784
583877,0.000465408
583897,0.000201216
583907,0.000325632
583927,0.000837632
583937,0.000216576
583947,0.000567296
583957,0.000449792
583977,0.000400384
584007,0.0008064
584057,0.0001792
584077,0.001083904
584142,5.12e-06
584153,0.00061184
584192,1.4336e-05
584225,3.3024e-05
584268,1.792e-06
584371,6.2208e-05
584385,3.072e-05
584476,3.328e-06
584499,1.4592e-05
584522,3.1232e-05
584585,0.000130048
584643,0.000956416
584748,4.4032e-05
584855,5.2224e-05
584896,4.7104e-05
584940,2.5344e-05
584981,0.000401152
585065,2.688e-05
585119,3.3792e-05
585219,4.096e-06
585240,7.808e-05
585250,0.000144896
585329,0.000238336
585362,5.7344e-05
585422,2.56e-07
585429,0.000145152
585522,0.000266752
585593,5.1712e-05
585645,3.584e-06
585682,6.7072e-05
585691,7.68e-06
585733,4.5312e-05
585757,2.56e-07
585848,3.584e-06
585867,0.000133632
585943,1.2032e-05
585960,0.005315584
586059,2.1504e-05
586073,3.0208e-05
586083,3.8912e-05
586190,0.000558336
586258,3.84e-06
586285,6.656e-06
586315,1.3824e-05
586378,1.2032e-05
586453,8.448e-06
586462,7.168e-06
586497,8.192e-06
586529,1.1008e-05
586550,2.56e-06
586564,0.00034432
586568,0.002413568
586703,2.2016e-05
586800,1.8432e-05
586912,1.5104e-05
586978,0.0
587068,1.536e-05
587169,5.12e-05
587224,0.000118272
587242,3.2256e-05
587410,3.7632e-05
587451,7.168e-06
587563,1.8688e-05
587708,8.704e-06
587727,2.048e-06
587731,3.328e-06
587765,0.003511296
587861,4.608e-06
587872,9.088e-05
587919,1.024e-06
587985,9.216e-06
588065,3.7632e-05
588074,0.001306112
588123,0.000211712
588169,5.6064e-05
588193,1.3568e-05
588243,2.3296e-05
588339,0.000258048
588360,0.000170496
588507,7.68e-07
588516,0.000103168
588605,2.3296e-05
588609,2.5088e-05
588657,2.1504e-05
588767,8.96e-06
588795,1.4336e-05
588832,5.376e-06
588885,6.5024e-05
588946,0.000153856
588970,0.000524032
589015,1.6384e-05
589041,5.8624e-05
589075,0.00015616
589122,2.2272e-05
589150,0.000134656
589215,1.28e-06
589228,4.1984e-05
589244,6.4e-06
589331,1.5616e-05
589383,7.168e-06
589510,1.8176e-05
589560,8.6784e-05
589565,5.632e-06
589692,5.6832e-05
589729,2.7904e-05
589808,1.3824e-05
589870,4.352e-06
589880,0.000186368
589933,0.000105216
589985,5.7088e-05
590013,2.2784e-05
590041,6.6304e-05
590150,2.7648e-05
590158,2.3808e-05
590162,7.9104e-05
590298,2.56e-07
590373,2.048e-06
590376,0.000148736
590388,0.000159488
590408,5.7856e-05
590460,4.1728e-05
590569,1.152e-05
590595,1.7152e-05
590721,0.000113152
590756,2.944e-05
590762,0.003226624
590819,1.9712e-05
590827,0.000125184
590859,2.0992e-05
590894,5.4016e-05
590979,3.84e-05
591006,7.424e-06
591059,2.048e-06
591064,4.0192e-05
591084,1.2544e-05
591160,4.864e-06
591177,4.1984e-05
591185,1.9712e-05
591223,4.8896e-05
591235,2.8928e-05
591291,5.12e-07
591296,2.048e-05
591327,9.856e-05
591346,0.00010496
591358,0.000295936
591516,1.3824e-05
591544,0.000146688
591597,1.9968e-05
591639,2.3552e-05
591747,9.7792e-05
591817,2.3808e-05
591895,0.000158208
591947,4.7616e-05
591955,2.0736e-05
591964,9.728e-05
592033,1.3568e-05
592072,2.7392e-05
592079,0.000479232
592151,1.8688e-05
592323,2.1248e-05
592379,6.4e-06
592384,2.2016e-05
592401,5.376e-06
592444,2.56e-05
592445,0.000139008
592481,5.4272e-05
592507,3.1232e-05
592556,4.8384e-05
592568,3.6608e-05
592631,0.000100864
592722,2.2784e-05
592824,4.992e-05
592880,2.048e-06
592892,7.0912e-05
592934,1.9712e-05
593004,2.4832e-05
593023,0.000115968
593076,1.5104e-05
593086,4.48e-05
593163,4.352e-06
593215,2.9952e-05
593310,0.0
593350,0.000145408
593428,1.4848e-05
593451,1.792e-06
593455,4.0704e-05
593561,3.1488e-05
593741,6.4e-06
593748,7.5776e-05
593766,0.000440064
593811,0.000189696
593942,2.5856e-05
593967,4.864e-06
593972,1.152e-05
593986,0.00015488
594021,2.048e-06
594033,1.4848e-05
594071,7.5264e-05
594077,0.000278784
594128,0.000112128
594143,0.000146688
594187,9.4464e-05
594217,8.32e-05
594248,2.3552e-05
594297,0.000294912
594344,3.0208e-05
594356,0.000355072
594416,4.352e-06
594417,5.12e-05
594488,0.000187904
594536,4.3264e-05
594552,1.2032e-05
594583,1.536e-06
594586,5.8112e-05
594605,2.7648e-05
594640,1.8688e-05
594705,0.000193024
594747,4.3264e-05
594767,2.0736e-05
594848,2.4832e-05
594877,2.816e-05
594934,0.000251648
594989,3.2256e-05
595041,1.664e-05
595133,0.00020608
595167,3.0976e-05
595189,0.000176128
595224,8.8064e-05
595236,4.1984e-05
595267,8.704e-05
595278,0.000189952
595316,4.608e-06
595384,6.5024e-05
595394,5.632e-06
595438,3.1488e-05
595470,0.000152064
595481,1.664e-05
595543,7.0912e-05
595561,1.5104e-05
595569,0.000455424
595608,8.6528e-05
595659,3.0464e-05
595666,0.00074624
595708,0.000608512
595755,7.68e-06
595760,1.6128e-05
595806,2.944e-05
595872,0.00011264
595888,0.000267008
595912,0.000220672
595968,6.016e-05
596001,3.2256e-05
596084,0.00034432
596160,9.0624e-05
596172,0.000155648
596205,0.000439296
596298,0.000164608
596345,0.000133632
596373,4.7616e-05
596427,2.4576e-05
596439,3.2256e-05
596461,4.864e-06
596520,4.096e-06
596574,1.3568e-05
596609,0.000425728
596650,2.0736e-05
596751,0.00037376
596759,0.001357056
596775,0.001426944
596817,1.0496e-05
596864,2.5344e-05
596951,4.1984e-05
596986,0.000241664
597013,2.4832e-05
597138,0.000146944
597182,3.584e-05
597251,8.5248e-05
597336,6.144e-06
597361,0.000201728
597378,0.00017664
597418,8.96e-06
597465,5.6576e-05
597467,0.000195584
597522,2.4576e-05
597531,7.6288e-05
597548,0.000257024
597604,7.1936e-05
597695,0.000527872
597745,2.816e-06
597755,0.000121088
597769,5.12e-07
597832,0.000249344
597870,7.936e-06
597885,4.608e-05
597909,2.56e-05
597931,7.936e-06
597944,3.6096e-05
597945,0.000267264
597966,0.000136704
597987,2.8416e-05
598012,4.8384e-05
598062,1.152e-05
598082,6.2208e-05
598094,8.4992e-05
598164,5.1456e-05
598187,0.000112896
598244,0.000288
598336,0.000169728
598406,0.000166912
598467,0.000101632
598469,0.00023552
598531,0.000278528
598561,2.3296e-05
598575,7.424e-05
598713,1.536e-05
598724,8.448e-06
598754,4.608e-06
598787,5.2736e-05
598813,0.000105216
598888,2.7648e-05
598928,0.0001344
598973,0.000206848
599020,1.9456e-05
599111,1.7152e-05
599145,7.68e-06
599160,3.2768e-05
599164,3.584e-05
599191,0.000128
599204,0.000176128
599259,1.28e-05
599261,6.3232e-05
599300,3.84e-06
599306,0.000112384
599343,2.688e-05
599372,5.248e-05
599421,2.56e-07
599435,3.8656e-05
599467,6.5024e-05
599493,6.3488e-05
599567,3.9424e-05
599587,4.6592e-05
599649,4.0448e-05
599678,3.0464e-05
599765,0.000150528
599767,0.000109824
599854,1.2032e-05
599897,2.56e-07
599902,7.4752e-05
599924,0.000134144
600035,6.6816e-05
600091,3.3024e-05
600118,8.448e-06
600150,4.5312e-05
600175,0.00010624
600198,1.6384e-05
600221,2.304e-06
600260,1.2544e-05
600300,5.1968e-05
600344,6.3232e-05
600356,2.2784e-05
600364,2.688e-05
600383,7.68e-05
600425,0.000240896
600481,7.6544e-05
600549,0.000524032
600628,1.4592e-05
600676,1.8688e-05
600704,1.3312e-05
600820,3.2256e-05
600907,9.8816e-05
600957,1.664e-05
600960,0.000160256
600968,6.912e-05
600970,6.912e-06
601013,8.192e-06
601078,4.864e-05
601092,2.4064e-05
601111,9.984e-06
601120,2.7904e-05
601178,1.6896e-05
601189,4.864e-06
601231,5.376e-06
601320,0.000113664
601365,0.000111104
601381,6.0416e-05
601401,8.832e-05
601434,1.1776e-05
601487,2.304e-06
601507,2.816e-05
601510,6.5792e-05
601556,9.2672e-05
601559,0.000111872
601567,4.5312e-05
601614,1.4336e-05
601751,0.000194816
601808,3.0464e-05
601865,6.144e-06
601895,2.688e-05
601906,0.000133632
601944,6.8352e-05
601980,0.000165888
602004,1.4592e-05
602008,0.000425984
602041,2.56e-07
602144,1.3568e-05
602159,0.000560384
602218,3.584e-06
602236,2.2016e-05
602250,1.1264e-05
602283,9.984e-06
602340,1.1008e-05
602500,1.8688e-05
602564,1.3568e-05
602620,9.1904e-05
602632,6.0928e-05
602667,0.000115456
602687,1.408e-05
602728,2.0224e-05
602739,2.7904e-05
602770,0.001177088
602801,0.000114432
602843,1.792e-05
602856,0.000101376
602941,3.584e-05
602970,3.84e-06
603045,0.00013056
603113,2.4576e-05
603133,1.9712e-05
603191,3.7888e-05
603305,7.168e-06
603395,2.6368e-05
603495,3.584e-06
603547,1.1008e-05
603614,0.00018048
603648,1.152e-05
603675,2.7136e-05
603759,0.0
603793,3.1232e-05
603803,7.04e-05
603824,3.584e-06
603847,6.016e-05
603922,2.688e-05
603938,4.1984e-05
603965,0.00019072
603996,3.072e-05
604041,3.3792e-05
604050,0.00031488
604086,0.000152064
604122,3.1744e-05
604138,0.000126976
604242,3.9424e-05
604291,1.536e-06
604311,4.992e-05
604396,4.864e-06
604397,2.6112e-05
604474,5.888e-06
604555,4.4032e-05
604576,4.8384e-05
604627,3.4304e-05
604647,1.792e-06
604775,3.4816e-05
604781,0.001398016
604876,3.1232e-05
605004,3.6608e-05
605070,5.0688e-05
605088,7.68e-06
605145,0.0004416
605164,0.000434688
605269,0.000144384
605363,4.3008e-05
605377,7.424e-06
605454,1.5616e-05
605485,6.016e-05
605510,1.1776e-05
605563,0.000116736
605592,2.816e-05
605732,5.6832e-05
605767,0.00112512
605837,9.984e-06
605888,9.0368e-05
605995,1.28e-06
606047,1.7408e-05
606111,9.9584e-05
606174,1.4336e-05
606199,2.6624e-05
606260,1.9712e-05
606288,1.6384e-05
606355,5.376e-06
606356,4.3008e-05
606370,0.000303872
606427,8.4736e-05
606497,7.68e-07
606585,5.0688e-05
606590,0.00064256
606709,1.1776e-05
606717,3.7632e-05
606757,0.000186624
606783,5.888e-06
606815,2.5856e-05
606841,2.2528e-05
606864,8.96e-06
606898,6.0416e-05
607055,5.5552e-05
607105,4.608e-05
607140,2.2272e-05
607187,0.00020736
607258,0.000493824
607321,1.1264e-05
607332,2.6112e-05
607393,2.56e-06
607494,2.9184e-05
607496,8.448e-06
607557,0.0035648
607618,3.8144e-05
607657,2.1248e-05
607681,7.9104e-05
607710,3.84e-05
607748,0.00014208
607757,4.1216e-05
607779,6.912e-06
607796,3.7376e-05
607847,5.2992e-05
607943,9.5744e-05
607997,2.1248e-05
608036,0.00018688
608144,5.12e-07
608166,2.6624e-05
608167,0.00035968
608219,2.048e-06
608274,0.000138752
608338,1.9456e-05
608407,1.9968e-05
608475,3.072e-05
608525,7.6288e-05
608625,9.472e-05
608660,0.000118272
608697,4.7616e-05
608745,7.808e-05
608764,0.000585472
608872,1.0496e-05
608900,0.000177408
608971,2.304e-06
609021,5.12e-07
609043,1.0752e-05
609107,1.92e-05
609117,7.424e-06
609202,7.424e-06
609271,6.4e-06
609272,2.8928e-05
609324,2.4832e-05
609342,4.096e-06
609357,3.4048e-05
609360,0.000381696
609379,0.000165376
609402,0.00059648
609436,2.56e-06
609467,5.12e-07
609508,1.7664e-05
609546,2.8416e-05
609552,2.7392e-05
609576,0.000317696
609596,0.000183552
609616,0.000141824
609636,3.0976e-05
609646,0.000526848
609686,3.2e-05
609706,0.000245504
609716,0.000451072
609726,0.000323328
609756,0.000979712
609786,9.8304e-05
609796,0.00046976
609816,0.000123136
609846,0.000663808
609866,0.000729088
609916,3.3792e-05
609926,7.1424e-05
609945,0.000215552
609961,0.000173056
610033,5.632e-06
610035,8.3968e-05
610065,2.56e-07
610090,3.328e-06
610099,6.528e-05
610202,3.5328e-05
610258,6.144e-06
610302,9.216e-06
610399,9.216e-06
610439,5.376e-06
610485,9.8304e-05
610563,0.000254208
610613,2.816e-06
610655,0.000176128
610673,5.376e-06
610847,1.3824e-05
610867,3.4816e-05
610933,4.5824e-05
610977,1.536e-05
611001,0.000169984
611002,0.000331008
611100,0.001827328
611153,0.000137728
611158,7.1168e-05
611163,0.000170752
611326,5.632e-06
611424,9.0112e-05
611449,9.216e-06
611477,5.3504e-05
611499,9.8816e-05
611529,2.2784e-05
611600,2.944e-05
611627,1.1264e-05
611661,0.00011008
611722,2.4064e-05
611726,8.8064e-05
611746,4.8896e-05
611758,0.00029184
611759,9.3696e-05
611764,0.001377792
611839,0.00031872
611851,5.6576e-05
611991,3.0976e-05
612098,4.8384e-05
612131,4.4288e-05
612215,1.408e-05
612228,7.424e-06
612248,6.7584e-05
612280,5.6832e-05
612355,2.2016e-05
612448,1.6128e-05
612476,8.2688e-05
612589,1.664e-05
612608,2.432e-05
612652,3.584e-06
612655,0.000802816
612690,3.712e-05
612752,0.000141568
612792,7.424e-05
612880,1.5104e-05
612957,1.8688e-05
612960,0.000468224
613064,2.2272e-05
613067,1.7152e-05
613075,9.9072e-05
613111,1.2544e-05
613118,3.4304e-05
613155,3.3024e-05
613171,6.4e-06
613223,1.28e-05
613261,1.5616e-05
613282,9.216e-05
613317,1.4592e-05
613322,9.984e-06
613345,0.00024064
613419,3.84e-06
613433,7.68e-07
613468,8.0896e-05
613502,1.664e-05
613545,0.000393728
613566,7.3472e-05
613576,9.4464e-05
613618,0.000140288
613813,1.792e-06
613867,2.56e-06
613925,5.632e-06
613932,1.28e-06
613962,5.8368e-05
614080,4.1984e-05
614129,1.0752e-05
614142,1.5872e-05
614159,9.3696e-05
614196,3.072e-05
614204,0.000104192
614227,2.9696e-05
614337,6.144e-06
614388,4.6336e-05
614427,3.6352e-05
614535,3.9936e-05
614543,2.9696e-05
614554,6.0672e-05
614615,2.6368e-05
614648,2.8928e-05
614757,3.3792e-05
614762,4.9408e-05
614885,1.536e-05
615107,9.216e-06
615270,1.1776e-05
615324,1.1008e-05
615325,0.00027136
615359,0.00012672
615364,0.00070144
615424,8.192e-06
615443,1.408e-05
615464,5.632e-06
615498,1.536e-06
615507,4.352e-05
615595,6.4768e-05
615723,0.000261632
615918,6.016e-05
615923,4.864e-06
615961,0.000649472
615980,0.000205312
616064,3.9424e-05
616112,1.2288e-05
616130,2.048e-05
616165,7.1168e-05
616195,7.8336e-05
616276,9.6256e-05
616346,4.9664e-05
616420,1.7408e-05
616484,6.144e-06
616514,1.28e-06
616557,2.816e-06
616560,3.5072e-05
616563,9.216e-06
616621,5.248e-05
616667,5.7088e-05
616714,8.192e-06
616716,2.4064e-05
616752,2.4832e-05
616832,8.6528e-05
616930,1.8944e-05
617035,4.352e-06
617040,5.2224e-05
617118,0.000116736
617159,0.000161792
617170,7.4752e-05
617172,0.000533248
617248,3.5328e-05
617267,6.4e-06
617351,0.000121088
617372,4.352e-06
617388,3.2e-05
617495,6.8352e-05
617508,0.000164864
617538,5.5808e-05
617557,6.4e-05
617602,5.7088e-05
617642,9.8304e-05
617687,1.9456e-05
617733,8.32e-05
617762,0.000275456
617837,5.632e-06
617851,9.472e-05
617880,1.28e-06
617929,4.4544e-05
617956,0.00027776
617983,0.000250368
618005,8.32e-05
618021,0.000102912
618060,1.9968e-05
618181,6.4512e-05
618189,1.536e-06
618247,4.352e-06
618257,2.3552e-05
618290,4.5824e-05
618338,1.9456e-05
618358,6.016e-05
618361,0.000611072
618364,0.005216256
618462,1.28e-05
618516,1.7152e-05
618534,1.024e-06
618665,3.5584e-05
618767,3.328e-06
618863,2.2016e-05
618873,7.0656e-05
618902,0.000127744
618911,1.6128e-05
618957,0.000539136
618993,4.864e-06
619014,3.8912e-05
619050,5.7344e-05
619180,2.56e-06
619243,6.144e-06
619270,7.4496e-05
619406,6.912e-06
619447,5.888e-05
619502,1.664e-05
619509,9.9584e-05
619542,6.5792e-05
619560,0.000101376
619564,0.00312064
619703,1.92e-05
619730,1.3824e-05
619746,3.5328e-05
619779,2.3296e-05
619827,4.352e-06
619860,7.936e-06
619890,2.048e-06
619941,6.0416e-05
619971,1.4848e-05
620009,6.528e-05
620027,1.28e-06
620061,1.5104e-05
620095,6.7584e-05
620140,1.3568e-05
620161,2.9696e-05
620189,1.792e-05
620237,2.4064e-05
620293,4.9152e-05
620325,1.28e-06
620380,4.2752e-05
620443,4.096e-06
620463,1.664e-05
620487,1.6128e-05
620516,4.2496e-05
620560,6.272e-05
620602,7.6032e-05
620672,0.000453632
620745,0.00049664
620757,4.6848e-05
620759,0.000793344
620760,0.002010624
620874,5.12e-07
620947,0.000326144
620972,1.28e-05
620984,5.12e-06
620992,1.9968e-05
621034,8.704e-05
621104,3.456e-05
621173,8.832e-05
621207,4.352e-06
621208,0.00026112
621267,0.000100096
621289,1.8688e-05
621314,2.4576e-05
621330,1.024e-06
621345,5.376e-06
621357,7.808e-05
621360,6.4e-06
621427,7.168e-06
621437,9.472e-06
621444,5.12e-07
621520,0.000114432
621587,1.1264e-05
621610,7.424e-06
621653,0.000102912
621677,4.7104e-05
621784,2.3552e-05
621883,2.9696e-05
621957,0.000133376
621975,0.000212736
622036,1.9968e-05
622177,1.9712e-05
622215,1.0752e-05
622219,5.7856e-05
622243,3.072e-06
622385,2.4064e-05
622431,6.8864e-05
622464,4.352e-06
622516,1.6384e-05
622545,0.000290304
622591,4.352e-06
622665,3.328e-06
622677,1.6128e-05
622689,6.4256e-05
622708,1.8432e-05
622718,3.584e-06
622725,2.56e-07
622902,1.0496e-05
622926,1.3568e-05
622961,2.048e-05
622976,0.000109824
623047,6.4256e-05
623121,3.1488e-05
623145,0.000503296
623204,9.8048e-05
623207,3.3024e-05
623290,0.000128256
623392,0.000124928
623440,3.584e-06
623473,7.8336e-05
623515,2.8672e-05
623572,3.072e-05
623624,2.0992e-05
623625,3.84e-05
623659,4.7872e-05
623695,1.1776e-05
623745,1.6128e-05
623763,0.000171264
623895,1.0496e-05
623921,3.2512e-05
623973,1.0752e-05
623982,6.144e-06
624016,2.2272e-05
624039,2.7136e-05
624127,0.000233984
624236,0.000240128
624348,3.4304e-05
624364,0.000412672
624439,2.9696e-05
624474,5.0432e-05
624536,2.7392e-05
624564,7.936e-06
624587,4.7616e-05
624775,2.56e-07
624780,1.7408e-05
624857,3.6096e-05
624862,6.656e-06
624917,7.68e-07
624956,0.00019968
624958,0.000133888
625019,9.984e-06
625048,2.0992e-05
625088,3.3792e-05
625106,0.0003328
625131,0.0004288
625181,0.000124416
625188,5.376e-06
625220,8.3968e-05
625244,1.024e-05
625270,1.536e-06
625281,9.4976e-05
625348,2.304e-05
625368,8.2944e-05
625460,3.84e-06
625522,2.1248e-05
625545,0.000114432
625560,0.000173568
625636,6.912e-06
625692,0.000188416
625796,8.2176e-05
625863,4.3264e-05
625928,4.864e-06
625938,4.7872e-05
625972,7.9104e-05
626024,0.000236032
626073,5.1712e-05
626113,1.3824e-05
626133,2.1248e-05
626159,0.000171776
626187,3.7888e-05
626247,1.92e-05
626273,2.2528e-05
626305,1.7408e-05
626327,8.96e-06
626346,8.448e-06
626407,6.656e-06
626417,4.6592e-05
626532,1.4336e-05
626539,2.3552e-05
626542,2.048e-05
626588,2.0736e-05
626617,3.7888e-05
626664,4.5056e-05
626690,1.6384e-05
626762,5.0944e-05
627050,4.992e-05
627051,0.000135168
627086,5.7856e-05
627149,2.816e-06
627155,0.000566016
627247,0.00013824
627301,1.792e-06
627324,7.0144e-05
627357,5.9648e-05
627365,0.000972544
627458,4.1472e-05
627470,9.216e-06
627489,6.528e-05
627506,7.68e-07
627549,4.1472e-05
627602,4.6592e-05
627631,4.7616e-05
627643,2.6368e-05
627660,0.000105728
627701,0.000124928
627768,5.1968e-05
627861,4.352e-05
627893,6.912e-06
627947,1.3824e-05
628023,2.6368e-05
628218,5.9392e-05
628267,9.472e-06
628273,3.6864e-05
628370,2.6624e-05
628415,1.6384e-05
628491,8.192e-06
628548,2.0992e-05
628556,5.8112e-05
628663,6.528e-05
628711,2.816e-06
628730,4.6592e-05
628840,2.56e-07
628925,3.712e-05
628953,2.2528e-05
629059,1.92e-05
629069,4.096e-05
629085,1.2288e-05
629098,1.8432e-05
629161,7.3984e-05
629207,8.96e-06
629220,1.1008e-05
629344,1.0752e-05
629371,2.56e-07
629406,2.3808e-05
629460,1.7664e-05
629480,4.7104e-05
629564,5.376e-06
629604,0.000281344
629665,4.352e-06
629692,3.84e-06
629722,1.0496e-05
629743,1.5104e-05
629746,0.004063488
629790,0.003103488
629925,2.6368e-05
630076,5.7088e-05
630139,2.3552e-05
630187,1.4592e-05
630295,2.4576e-05
630324,3.1232e-05
630336,3.8912e-05
630345,4.096e-06
630361,4.3008e-05
630474,2.56e-06
630476,6.2976e-05
630562,2.432e-05
630578,2.3296e-05
630603,2.304e-06
630620,4.096e-06
630740,5.12e-07
630770,5.376e-06
630794,5.504e-05
630843,5.1712e-05
630895,5.5808e-05
630932,6.1952e-05
630983,3.584e-06
630987,1.9456e-05
631008,2.56e-07
631036,2.944e-05
631068,4.8384e-05
631087,2.7648e-05
631104,4.3008e-05
631155,4.9152e-05
631316,6.784e-05
631385,7.424e-06
631518,0.000143616
631562,2.816e-06
631565,0.004105984
631627,3.328e-06
631648,1.6384e-05
631681,4.864e-05
631837,6.656e-05
631893,1.664e-05
631933,5.4528e-05
631982,1.152e-05
632071,1.1008e-05
632094,8.32e-05
632125,1.3568e-05
632146,5.12e-06
632163,4.9152e-05
632215,7.936e-06
632239,5.7088e-05
632260,7.424e-06
632288,3.1488e-05
632298,0.000146944
632333,5.632e-06
632369,7.936e-06
632398,1.2032e-05
632425,0.000178944
632455,6.5024e-05
632466,0.00012032
632539,2.048e-05
632557,0.000104192
632581,1.0496e-05
632606,9.6e-05
632633,1.8176e-05
632700,4.3264e-05
632715,0.000551936
632751,7.3472e-05
632763,0.000149248
632788,7.168e-05
632823,2.688e-05
632839,0.000495872
632879,0.000344832
632938,0.000109312
633048,0.00015232
633155,8.96e-06
633197,2.816e-06
633212,3.072e-06
633359,1.5872e-05
633365,6.784e-05
633378,5.0432e-05
633409,7.68e-05
633435,1.1008e-05
633490,2.048e-06
633502,2.4064e-05
633547,1.0496e-05
633578,8.1408e-05
633687,2.176e-05
633767,2.176e-05
633933,0.000127232
633963,0.001366528
634046,5.9136e-05
634102,1.0496e-05
634133,3.456e-05
634219,8.2688e-05
634267,8.192e-06
634373,0.000378624
634417,5.0944e-05
634447,3.2e-05
634535,3.3024e-05
634549,4.48e-05
634559,0.000179968
634612,6.6304e-05
634616,2.56e-06
634720,3.5328e-05
634796,0.000367616
634935,2.0992e-05
634959,6.4256e-05
634984,4.7616e-05
635016,5.5808e-05
635146,4.0448e-05
635166,2.7904e-05
635207,5.632e-06
635216,0.000301312
635307,3.4048e-05
635315,6.6048e-05
635367,2.56e-06
635368,0.000113152
635408,7.1168e-05
635476,8.96e-06
635493,3.7376e-05
635599,0.000334592
635633,0.000128256
635663,4.352e-06
635708,5.376e-06
635737,2.7904e-05
635746,0.010958848
635827,7.936e-05
635837,1.792e-05
635947,1.792e-06
635989,4.7104e-05
636015,3.712e-05
636034,3.6864e-05
636163,4.1984e-05
636205,1.664e-05
636253,1.792e-05
636256,6.4e-06
636267,2.56e-07
636280,1.5104e-05
636317,8.6016e-05
636364,8.576e-05
636519,7.0912e-05
636555,4.096e-06
636596,0.000130816
636609,5.12e-07
636702,3.1488e-05
636955,9.216e-06
636960,0.000237312
636964,0.00044032
636982,0.000208896
637047,1.6128e-05
637077,9.1392e-05
637122,2.5344e-05
637153,0.000329216
637213,6.144e-06
637235,4.1472e-05
637267,2.56e-07
637318,4.5312e-05
637346,5.12e-07
637374,4.352e-05
637415,1.792e-05
637427,1.7664e-05
637436,6.0416e-05
637446,0.00034304
637519,2.7904e-05
637649,3.0208e-05
637673,0.0001024
637692,3.4304e-05
637784,9.728e-06
638067,9.0112e-05
638111,7.168e-06
638138,2.9696e-05
638155,1.3568e-05
638167,0.000153856
638187,0.000285952
638239,2.4576e-05
638324,0.000673024
638417,3.2512e-05
638556,0.00013952
638596,5.5552e-05
638633,4.0704e-05
638718,1.7664e-05
638759,2.0992e-05
638761,0.000193536
638769,0.000702208
638797,0.000191744
638822,2.56e-07
638849,1.7408e-05
638901,1.7664e-05
639001,3.456e-05
639111,3.3536e-05
639130,5.9136e-05
639140,7.68e-07
639212,4.1984e-05
639255,3.072e-05
639259,7.1424e-05
639286,1.28e-06
639365,6.144e-06
639463,1.3312e-05
639508,2.4832e-05
639560,5.7088e-05
639617,1.536e-05
639697,1.5872e-05
639752,5.8368e-05
639831,3.1744e-05
639836,0.000157696
639871,3.9168e-05
639919,1.536e-05
639958,5.12e-06
639961,8.3968e-05
639968,0.000171008
639984,5.12e-05
639997,3.9936e-05
640047,1.1008e-05
640082,0.000262144
640148,0.000161024
640264,1.792e-05
640287,4.096e-06
640361,1.024e-05
640380,3.2e-05
640427,1.536e-05
640470,2.5088e-05
640472,7.4496e-05
640556,0.000139008
640563,1.8176e-05
640616,2.6624e-05
640634,1.2032e-05
640752,2.56e-06
640757,3.328e-06
640760,6.3744e-05
640873,0.000109568
640900,9.472e-06
640915,0.000231424
641064,5.632e-06
641100,3.2e-05
641145,3.5072e-05
641157,0.000128256
641166,4.608e-05
641185,2.8928e-05
641209,7.168e-06
641316,1.2544e-05
641318,0.000134144
641451,1.9968e-05
641486,3.84e-06
641507,1.024e-06
641565,6.5024e-05
641579,2.0992e-05
641588,4.3264e-05
641624,1.8432e-05
641630,3.8144e-05
641649,7.68e-07
641756,4.8896e-05
641760,4.1472e-05
641765,9.5744e-05
641795,0.000121344
641889,7.1168e-05
642052,3.3792e-05
642082,3.4304e-05
642150,0.000112384
642201,9.6e-05
642270,1.2032e-05
642333,8.704e-06
642344,0.000136448
642362,0.000186368
642417,9.6256e-05
642553,3.6608e-05
642582,8.704e-05
642711,0.000104192
642772,4.1472e-05
642788,2.4576e-05
642864,8.96e-06
642879,9.1392e-05
642937,7.0656e-05
642948,6.144e-06
642957,0.00010624
642962,1.024e-05
643004,3.7376e-05
643067,2.9696e-05
643153,2.56e-07
643184,7.6288e-05
643201,3.072e-06
643207,5.3248e-05
643240,3.3792e-05
643255,1.3312e-05
643269,0.000621824
643303,5.632e-06
643362,1.664e-05
643372,8.3968e-05
643399,2.56e-05
643408,5.1712e-05
643469,0.000162048
643537,1.5104e-05
643559,0.00017664
643570,1.7408e-05
643620,8.704e-06
643701,8.0128e-05
643725,4.9152e-05
643768,0.000151808
643790,1.5872e-05
643862,2.816e-06
643939,0.000231168
643957,8.96e-06
644001,4.096e-06
644041,7.168e-06
644051,4.608e-06
644132,2.9696e-05
644138,3.2512e-05
644160,5.5296e-05
644170,6.6304e-05
644333,7.296e-05
644369,3.3536e-05
644407,6.144e-06
644427,5.2992e-05
644500,1.5872e-05
644619,1.024e-05
644669,0.000164608
644683,9.1904e-05
644731,0.000207872
644840,7.168e-06
644941,8.4224e-05
644958,1.1264e-05
644999,0.000344832
645058,6.144e-06
645083,5.376e-06
645107,2.56e-07
645127,6.9376e-05
645280,2.8928e-05
645323,2.1504e-05
645332,0.000227584
645371,0.000278528
645479,8.448e-06
645505,8.4224e-05
645527,5.12e-05
645529,6.4e-06
645580,2.3296e-05
645601,3.3024e-05
645687,3.328e-05
645747,2.5856e-05
645827,2.1504e-05
645834,4.864e-06
645840,5.4272e-05
645941,5.632e-06
645960,6.9632e-05
645965,0.00018048
646040,0.000176384
646145,1.024e-06
646180,8.2688e-05
646219,0.00015872
646255,4.5824e-05
646275,1.4592e-05
646305,3.5328e-05
646387,0.000106496
646449,2.2784e-05
646463,1.28e-06
646531,2.8672e-05
646545,0.0015872
646626,4.4544e-05
646738,9.5488e-05
646827,1.5872e-05
646864,9.216e-06
646901,7.68e-06
646959,1.536e-06
646977,1.8176e-05
646999,0.000380416
647098,5.5552e-05
647140,7.7824e-05
647145,8.576e-05
647159,0.000263168
647180,0.000488192
647233,9.856e-05
647267,7.68e-07
647271,1.3312e-05
647294,7.6544e-05
647352,0.000144128
647407,0.000353792
647487,7.8848e-05
647572,3.072e-06
647620,0.000631552
647697,8.064e-05
647720,2.048e-06
647746,9.472e-06
647757,8.6528e-05
647768,0.000262912
647833,8.0128e-05
647877,9.6e-05
647907,3.3024e-05
647929,5.0176e-05
647977,4.9664e-05
648027,0.000140288
648060,2.8416e-05
648133,1.408e-05
648211,6.3232e-05
648245,0.000118016
648326,8.448e-06
648341,6.1184e-05
648359,7.3728e-05
648420,0.000109824
648487,0.000135936
648536,0.00036096
648591,1.9712e-05
648605,1.536e-06
648629,5.7856e-05
648671,3.7632e-05
648807,2.8672e-05
648811,0.00036608
648816,0.001887488
648848,4.224e-05
648904,5.888e-06
648949,0.0002368
649065,9.216e-06
649143,2.048e-05
649220,4.6336e-05
649279,4.2752e-05
649335,0.000123136
649415,1.2288e-05
649452,7.68e-07
649463,0.000293632
649498,2.9696e-05
649534,4.864e-06
649555,7.7056e-05
649564,6.784e-05
649601,7.296e-05
649695,0.000238336
649735,8.192e-06
649762,1.2288e-05
649778,0.000115456
649806,7.2448e-05
649867,7.424e-06
649927,1.664e-05
649960,1.9456e-05
649999,5.4016e-05
650080,1.9968e-05
650107,2.304e-06
650136,4.608e-06
650206,1.3824e-05
650296,6.656e-06
650336,0.000169728
650439,1.3824e-05
650477,1.536e-06
650482,6.912e-06
650549,1.0752e-05
650587,7.1936e-05
650610,3.5072e-05
650640,1.4592e-05
650707,1.3056e-05
650750,5.632e-06
650758,5.888e-05
650784,6.2208e-05
650800,0.000109312
650840,9.472e-05
650853,3.2512e-05
650907,6.8096e-05
650952,7.68e-07
650989,2.4064e-05
651022,3.3536e-05
651027,0.000213504
651072,1.3056e-05
651091,2.0992e-05
651159,1.0752e-05
651220,2.56e-06
651255,2.6624e-05
651279,4.096e-06
651316,2.2016e-05
651345,1.28e-05
651356,0.000155648
651363,0.001023232
651364,0.002677248
651552,7.424e-06
651581,1.536e-05
651659,4.1728e-05
651701,1.92e-05
651728,0.000841728
651821,3.072e-06
651848,0.000129024
651895,3.7632e-05
651963,2.7136e-05
651968,0.000160768
652013,5.504e-05
652048,4.1472e-05
652120,2.4064e-05
652158,5.12e-07
652190,0.0001024
652254,0.0
652295,0.0
652340,7.68e-07
652359,0.000158464
652376,0.000134912
652395,2.0992e-05
652436,7.936e-06
652545,1.6896e-05
652608,7.68e-07
652635,3.328e-06
652683,3.2768e-05
652698,2.2272e-05
652782,1.2544e-05
652789,3.9424e-05
652800,4.7616e-05
652861,5.0688e-05
652877,1.152e-05
652928,2.3808e-05
652940,5.504e-05
652951,7.5264e-05
652978,3.712e-05
653069,9.984e-06
653092,1.6896e-05
653107,5.2736e-05
653155,2.816e-05
653159,8.3712e-05
653164,0.0004992
653223,3.1488e-05
653235,0.000452864
653258,0.00014208
653347,0.0
653383,3.328e-06
653395,4.992e-05
653421,1.8688e-05
653539,2.816e-06
653545,5.3504e-05
653586,3.4048e-05
653616,1.3312e-05
653731,3.328e-06
653746,2.2784e-05
653757,3.2256e-05
653760,1.4848e-05
653868,0.000376064
653973,4.1728e-05
654028,5.888e-06
654034,1.8432e-05
654055,3.328e-06
654075,7.552e-05
654139,1.3568e-05
654220,0.000101376
654239,0.000125696
654267,1.1776e-05
654276,1.1776e-05
654315,3.3536e-05
654334,5.12e-06
654359,9.216e-05
654405,2.9952e-05
654420,2.9184e-05
654424,0.00014464
654448,1.2288e-05
654482,0.0001472
654506,3.7888e-05
654548,3.9424e-05
654637,6.4512e-05
654755,2.3808e-05
654769,1.2032e-05
654847,1.28e-06
654855,2.8672e-05
654914,1.024e-06
654945,8.96e-06
654958,0.000228096
655091,0.000121344
655162,1.8176e-05
655182,2.8928e-05
655217,5.0176e-05
655244,3.1488e-05
655385,2.1504e-05
655441,1.8688e-05
655453,3.584e-06
655469,0.000215552
655546,1.4848e-05
655639,3.0464e-05
655691,0.000165888
655708,0.000274432
655748,5.3248e-05
655767,1.9968e-05
655791,4.7872e-05
655811,0.000146688
655876,6.912e-06
655985,3.072e-06
656061,5.6064e-05
656157,0.000678656
656191,4.6848e-05
656215,6.144e-06
656441,4.2752e-05
656487,2.688e-05
656491,0.000147712
656582,1.9968e-05
656604,5.1968e-05
656650,1.9968e-05
656671,1.92e-05
656709,0.000104448
656745,1.152e-05
656767,7.68e-07
656807,9.216e-06
656901,0.000112384
656961,1.0496e-05
657006,4.48e-05
657016,1.7664e-05
657043,1.152e-05
657140,6.1696e-05
657199,4.9408e-05
657241,2.9696e-05
657265,4.3008e-05
657345,0.00177536
657387,4.5056e-05
657415,0.002298368
657507,6.4e-06
657522,4.352e-05
657526,4.5824e-05
657589,0.000633344
657703,2.5344e-05
657728,7.168e-06
657894,2.048e-05
657944,2.56e-06
657957,1.8944e-05
657959,4.352e-06
658071,3.1744e-05
658105,2.4576e-05
658158,1.0752e-05
658191,3.6608e-05
658227,0.000145664
658285,7.6032e-05
658292,3.7376e-05
658391,2.7648e-05
658471,0.000258048
658559,6.1184e-05
658663,0.000119552
658703,7.1936e-05
658730,9.0112e-05
658765,8.448e-06
658825,0.000662016
659067,8.704e-06
659085,0.000317184
659145,5.376e-05
659193,7.6032e-05
659263,2.4064e-05
659296,5.12e-07
659442,3.4048e-05
659483,1.792e-06
659507,6.144e-05
659598,2.048e-06
659668,6.656e-06
659722,0.000141312
659745,8.064e-05
659759,2.1504e-05
659799,5.1456e-05
659853,0.0
659956,0.000261632
659995,7.168e-06
660043,5.0432e-05
660063,1.7408e-05
660094,0.001192448
660203,5.632e-06
660291,4.608e-06
660315,8.4992e-05
660341,0.000139008
660361,3.8656e-05
660409,2.432e-05
660430,1.6384e-05
660461,2.4064e-05
660503,4.4544e-05
660530,6.8352e-05
660554,8.192e-06
660593,6.656e-06
660665,8.3968e-05
660688,1.92e-05
660745,2.3296e-05
660775,1.28e-06
660777,5.248e-05
660832,6.784e-05
660838,2.1504e-05
660864,1.2544e-05
660893,2.048e-05
660904,0.000189184
660937,0.00127616
660970,4.224e-05
661019,4.2496e-05
661023,0.000190464
661079,4.864e-06
661117,3.3792e-05
661152,0.00028032
661247,2.048e-06
661281,1.792e-05
661336,0.000266752
661382,7.68e-07
661397,0.000194048
661450,5.7088e-05
661538,5.504e-05
661575,0.000126208
661623,3.072e-06
661648,8.2176e-05
661664,3.8656e-05
661687,3.5584e-05
661701,1.28e-06
661745,8.5504e-05
661793,9.984e-06
661844,1.6896e-05
661910,3.6608e-05
662037,0.000111104
662059,1.024e-06
662075,1.536e-06
662103,2.0224e-05
662145,6.2976e-05
662156,0.000521984
662161,0.00022912
662293,4.3008e-05
662382,4.8896e-05
662397,2.0992e-05
662409,2.048e-05
662480,1.536e-06
662499,5.7088e-05
662641,4.1216e-05
662719,1.2288e-05
662757,0.00062848
662767,6.0416e-05
662880,3.712e-05
662915,1.5104e-05
662987,3.584e-06
663106,7.04e-05
663246,1.3568e-05
663327,1.0752e-05
663330,5.888e-06
663358,8.8064e-05
663365,0.000498176
663423,0.000116992
663457,1.4336e-05
663476,1.024e-05
663527,2.0736e-05
663624,0.000357632
663677,2.816e-06
663748,1.2544e-05
663844,5.0944e-05
663902,9.8304e-05
663919,2.1504e-05
663922,6.3744e-05
663945,2.9184e-05
663959,0.000110848
664030,1.7408e-05
664048,1.9968e-05
664059,0.000456192
664072,9.984e-06
664114,2.048e-06
664115,0.000508672
664269,4.4288e-05
664313,4.352e-06
664322,7.936e-05
664343,1.3568e-05
664396,0.000388352
664440,0.000150784
664517,2.3808e-05
664545,1.152e-05
664559,0.00010368
664567,2.4064e-05
664598,0.000298752
664693,1.28e-05
664783,0.0002624
664824,1.28e-06
664887,2.7904e-05
664936,5.9392e-05
664980,0.000146688
665041,1.6384e-05
665107,2.304e-06
665132,1.0496e-05
665162,0.000116224
665222,3.7376e-05
665268,8.96e-06
665282,1.28e-06
665320,7.4752e-05
665344,0.000118016
665405,2.1504e-05
665417,9.0624e-05
665499,3.0976e-05
665553,0.000188928
665607,3.328e-06
665657,7.168e-06
665720,3.1232e-05
665728,4.608e-06
665757,0.000249856
665790,9.8816e-05
665803,0.000178944
665822,0.000251136
665926,1.152e-05
665972,9.2928e-05
666001,8.704e-06
666031,9.7024e-05
666064,1.8176e-05
666151,6.1952e-05
666169,8.832e-05
666234,0.000110336
666257,1.4592e-05
666342,1.92e-05
666357,0.00022912
666390,0.00016384
666467,5.632e-06
666487,4.4544e-05
666499,0.000106752
666547,2.688e-05
666615,3.8656e-05
666645,0.000123136
666693,3.072e-06
666702,0.000508928
666730,0.000719872
666783,2.432e-05
666793,8.448e-06
666828,2.2016e-05
666894,4.48e-05
666929,1.024e-06
666961,5.504e-05
667088,0.00011008
667092,1.792e-06
667169,6.144e-06
667214,7.936e-06
667275,5.3248e-05
667284,5.3504e-05
667306,1.1008e-05
667430,8.192e-05
667465,1.5872e-05
667487,1.1264e-05
667540,2.56e-07
667556,3.8144e-05
667560,0.002258432
667699,3.712e-05
667749,6.144e-06
667773,1.1008e-05
667865,7.6032e-05
667955,6.272e-05
667995,1.536e-05
668024,7.6288e-05
668049,1.28e-06
668059,2.0992e-05
668080,1.2032e-05
668136,7.9104e-05
668257,6.9888e-05
668325,1.9968e-05
668360,1.28e-05
668399,3.4304e-05
668444,2.304e-05
668463,6.912e-06
668498,0.000147456
668510,2.3808e-05
668617,2.6112e-05
668670,1.024e-06
668759,1.4592e-05
668762,7.68e-05
668798,2.6112e-05
668834,6.144e-06
668837,2.9696e-05
668848,2.1504e-05
668925,5.12e-07
668959,0.00012672
669063,3.8144e-05
669078,0.000210688
669128,0.000237312
669175,8.448e-05
669198,0.00018944
669208,6.912e-05
669218,7.808e-05
669268,0.00013312
669298,2.6112e-05
669308,0.00017152
669318,1.1264e-05
669328,2.5344e-05
669338,4.224e-05
669360,0.000491008
669368,0.000301568
669388,0.000109824
669398,5.5808e-05
669418,0.000277248
669448,0.000184832
669458,0.000132096
669478,0.00018048
669488,6.7328e-05
669498,0.00036864
669508,0.000327168
669538,0.00064768
669558,0.000488704
669568,4.5056e-05
669578,0.000228608
669598,0.000296704
669608,0.000138496
669618,0.000261632
669628,0.000132864
669638,0.000405248
669648,0.000260096
669658,0.000514048
669668,8.4992e-05
669678,3.9936e-05
669688,0.000559872
669698,0.00013824
669708,5.632e-06
669718,0.000589824
669738,0.000103936
669748,0.000641024
669768,0.000436992
669778,0.000107776
669788,0.000320256
669808,0.00050688
669828,0.001301504
669848,0.000815104
669878,0.00090112
669930,4.8384e-05
669941,9.984e-06
669963,6.8352e-05
669977,0.000149248
670019,0.000110848
670073,0.000352256
670183,4.2496e-05
670205,5.76e-05
670271,1.4592e-05
670282,6.3744e-05
670298,4.7104e-05
670363,2.6624e-05
670423,2.0992e-05
670545,9.216e-06
670605,0.000719104
670631,0.000283392
670669,0.000165888
670711,5.8112e-05
670763,1.0752e-05
670802,0.0003008
670867,5.504e-05
670965,1.28e-05
671027,3.328e-05
671141,3.8144e-05
671165,0.000391168
671184,6.7328e-05
671264,3.0464e-05
671355,4.864e-06
671357,0.000839936
671441,2.688e-05
671547,6.3744e-05
671577,1.664e-05
671653,1.6128e-05
671696,1.9968e-05
671697,2.048e-05
671717,4.7104e-05
671727,0.000329728
671770,0.000207872
671777,7.6288e-05
671827,4.5056e-05
671847,0.000133632
671867,0.000222976
671877,0.00011648
671887,0.000429824
671907,4.096e-06
671927,6.6816e-05
671947,0.000410368
671967,0.000222464
671977,9.7536e-05
672017,0.000527872
672037,0.000222976
672057,0.000708864
672077,0.000122624
672087,0.000547584
672097,0.000525312
672117,0.000549888
672197,2.688e-05
672225,4.1728e-05
672295,0.000261632
672338,2.176e-05
672345,2.7904e-05
672534,9.984e-06
672556,1.408e-05
672650,1.7664e-05
672669,0.000235008
672751,4.608e-06
672810,2.304e-06
672848,3.584e-06
672882,4.1984e-05
672970,6.5536e-05
673039,6.2208e-05
673201,3.3792e-05
673255,0.00011648
673283,2.048e-06
673330,6.9376e-05
673344,2.5344e-05
673425,3.0976e-05
673549,0.000123392
673561,5.888e-06
673565,0.001578496
673635,0.000350208
673703,8.704e-05
673823,3.6864e-05
673876,0.000106752
673908,4.4032e-05
673928,2.3808e-05
673966,1.8688e-05
674015,3.84e-06
674042,6.5792e-05
674097,3.5328e-05
674112,1.0752e-05
674161,1.6128e-05
674164,5.6064e-05
674183,2.56e-07
674277,9.984e-06
674307,3.328e-06
674334,3.0976e-05
674388,8.8576e-05
674430,9.4464e-05
674447,4.352e-06
674456,7.296e-05
674509,3.3792e-05
674543,7.68e-07
674552,0.000160256
674671,4.096e-05
674749,3.584e-06
674751,7.2704e-05
674765,6.7328e-05
674769,7.2192e-05
674771,0.005348096
674932,2.56e-07
674968,0.00012288
675104,1.0752e-05
675148,1.4848e-05
675220,0.000668416
675290,4.0448e-05
675337,7.04e-05
675360,1.792e-05
675362,0.000694784
675365,0.00014208
675408,3.2768e-05
675437,0.000624384
675479,2.2016e-05
675485,6.4e-06
675537,2.1248e-05
675546,0.000845824
675670,2.2272e-05
675690,7.168e-06
675765,3.584e-05
675792,5.1456e-05
675824,0.00023424
675893,9.728e-06
675942,5.376e-05
675956,0.000195328
675963,0.000279808
676000,8.064e-05
676020,4.2496e-05
676036,3.8656e-05
676068,4.3776e-05
676200,2.8672e-05
676226,4.608e-06
676270,7.168e-06
676327,6.2208e-05
676419,0.001560576
676545,3.4048e-05
676565,0.000598016
676661,1.536e-05
676696,0.000116992
676786,2.304e-05
676831,3.3536e-05
676845,8.3712e-05
676892,3.328e-06
676912,5.376e-06
676991,1.7408e-05
676999,1.7152e-05
677019,3.1744e-05
677063,0.000116992
677099,4.096e-05
677137,1.92e-05
677143,2.4064e-05
677161,1.28e-06
677163,7.424e-06
677203,4.608e-06
677232,0.000221696
677248,7.2448e-05
677339,8.8064e-05
677361,7.424e-06
677407,2.816e-05
677457,1.536e-06
677467,0.000115712
677517,1.3824e-05
677572,1.024e-06
677642,1.664e-05
677722,6.8352e-05
677755,0.000124416
677772,0.0001024
677811,0.000909056
677899,9.728e-06
677901,4.352e-06
677940,0.000100096
678057,0.000252928
678104,9.216e-06
678207,0.000294656
678239,7.68e-07
678256,1.664e-05
678274,4.8128e-05
678314,5.1456e-05
678322,2.0736e-05
678358,0.000160256
678384,0.000242688
678440,7.68e-07
678457,0.000108032
678511,2.3808e-05
678544,1.28e-06
678641,6.4e-06
678652,1.024e-05
678689,4.352e-06
678700,4.6336e-05
678705,2.432e-05
678853,0.000157184
678880,8.7296e-05
678952,7.68e-07
679022,2.048e-06
679105,7.552e-05
679136,2.2272e-05
679150,0.00011392
679176,1.792e-05
679220,1.28e-05
679236,6.912e-06
679313,5.376e-06
679336,3.328e-06
679448,2.7648e-05
679462,1.7408e-05
679519,8.9856e-05
679561,0.003140352
679614,1.9456e-05
679627,2.9952e-05
679652,7.2448e-05
679692,4.096e-06
679787,0.000119552
679819,1.28e-06
679945,2.3808e-05
680010,6.8608e-05
680048,0.000204288
680099,8.96e-05
680163,6.144e-05
680170,1.6384e-05
680227,6.2208e-05
680259,0.000141056
680321,2.5088e-05
680332,0.000110592
680388,2.048e-06
680491,3.6608e-05
680533,4.5824e-05
680555,1.8176e-05
680602,1.792e-05
680630,1.5616e-05
680665,5.76e-05
680704,2.176e-05
680768,1.8176e-05
680878,8.6272e-05
680926,8.832e-05
680945,2.048e-05
681003,6.6816e-05
681058,0.000498432
681140,6.912e-06
681156,9.728e-05
681212,0.000635648
681357,3.712e-05
681364,0.000106752
681515,2.5856e-05
681551,9.728e-05
681557,7.552e-05
681591,7.424e-06
681623,3.1488e-05
681651,0.000306944
681678,1.2032e-05
681731,2.2016e-05
681751,1.536e-06
681814,4.992e-05
681851,8.192e-06
681959,1.7152e-05
681977,0.00011008
682005,1.536e-06
682032,6.4e-05
682061,2.304e-05
682078,7.424e-06
682095,2.816e-06
682221,2.56e-07
682301,3.1232e-05
682367,6.3744e-05
682395,0.000268032
682461,3.4816e-05
682494,9.984e-06
682532,7.424e-05
682558,0.000250112
682612,0.000156928
682674,1.024e-06
682733,3.1488e-05
682781,8.448e-06
682816,0.000221696
682826,4.9152e-05
682859,1.0496e-05
682881,8.7552e-05
682947,5.12e-06
682991,1.536e-06
683019,4.5568e-05
683068,3.3792e-05
683207,2.3808e-05
683254,6.8864e-05
683376,0.000154368
683383,5.8368e-05
683416,8.192e-06
683489,1.2032e-05
683495,2.1504e-05
683527,2.56e-07
683590,8.96e-06
683622,3.584e-06
683681,6.4768e-05
683708,4.096e-05
683753,3.2256e-05
683758,0.00020992
683760,0.00078208
683886,1.7152e-05
683912,0.000798208
683962,7.68e-07
683980,1.2032e-05
683982,1.3312e-05
684014,1.6128e-05
684062,2.2272e-05
684092,0.000371712
684223,7.0144e-05
684227,4.1728e-05
684290,3.4816e-05
684292,9.1904e-05
684321,2.9952e-05
684326,3.0464e-05
684360,0.000104192
684443,7.68e-06
684462,1.28e-06
684500,3.2e-05
684558,7.2192e-05
684579,9.984e-05
684593,2.6112e-05
684695,2.56e-07
684707,2.2016e-05
684757,4.6592e-05
684767,5.3248e-05
684840,2.688e-05
684876,5.7088e-05
684932,3.1232e-05
685082,5.5552e-05
685201,3.1744e-05
685249,4.608e-06
685260,0.000115456
685316,6.3744e-05
685345,4.352e-06
685350,4.224e-05
685552,3.2256e-05
685562,5.4528e-05
685620,4.864e-06
685627,8.704e-06
685657,2.9184e-05
685731,9.216e-06
685746,1.2288e-05
685749,8.96e-05
685825,0.000335872
685920,1.024e-05
685921,5.12e-07
685960,0.00015232
686042,4.352e-05
686110,2.1248e-05
686120,2.304e-06
686130,1.2288e-05
686160,0.000236288
686165,0.000939264
686167,0.000315648
686214,3.072e-06
686254,1.5872e-05
686320,3.072e-06
686333,4.864e-06
686390,9.1904e-05
686432,7.936e-06
686457,7.68e-06
686489,9.7024e-05
686577,5.9136e-05
686611,6.144e-06
686623,2.3808e-05
686641,2.0224e-05
686679,4.9664e-05
686763,0.000178432
686766,2.4576e-05
686874,0.000545792
686926,7.68e-07
686954,0.000134144
686978,3.8912e-05
687041,7.168e-06
687063,1.536e-06
687162,3.2256e-05
687227,5.9392e-05
687260,7.1168e-05
687288,1.9968e-05
687326,1.9456e-05
687346,0.000213504
687368,1.792e-05
687391,8.1664e-05
687457,3.84e-05
687495,1.408e-05
687578,6.912e-06
687600,4.9664e-05
687685,0.00015616
687719,3.4304e-05
687740,6.656e-05
687763,5.1456e-05
687854,8.192e-06
687891,6.1952e-05
687945,0.00013568
687985,5.6064e-05
688087,1.024e-06
688090,1.9968e-05
688105,5.1968e-05
688195,6.7328e-05
688309,7.1424e-05
688354,3.84e-06
688448,9.984e-06
688492,6.0416e-05
688503,0.00088064
688539,0.000568576
688602,0.000261888
688663,2.2272e-05
688722,3.1744e-05
688772,7.5776e-05
688787,2.8672e-05
688848,5.12e-07
688891,2.048e-06
689092,1.7152e-05
689124,5.1712e-05
689157,0.000176128
689214,2.2528e-05
689255,2.7392e-05
689455,5.2992e-05
689482,2.8416e-05
689585,1.9968e-05
689647,6.6816e-05
689656,7.424e-06
689692,3.072e-05
689732,1.024e-06
689757,1.8944e-05
689767,0.001124864
689855,2.7904e-05
689954,0.000393472
690014,0.00014592
690071,2.688e-05
690132,6.3232e-05
690182,5.6576e-05
690227,2.2528e-05
690259,9.216e-06
690283,7.0912e-05
690345,4.608e-06
690347,0.000101632
690423,8.448e-06
690448,3.8656e-05
690530,3.0464e-05
690567,3.9424e-05
690637,8.576e-05
690649,2.56e-07
690669,5.12e-07
690700,0.000277504
690729,0.000177152
690799,2.2016e-05
690805,0.00030464
690851,1.3312e-05
690905,1.0496e-05
690920,7.424e-06
690932,9.1136e-05
690985,8.6784e-05
691072,1.5872e-05
691123,3.0976e-05
691139,6.5024e-05
691205,2.5856e-05
691241,4.608e-06
691304,4.4544e-05
691348,2.4832e-05
691416,3.6096e-05
691535,1.024e-06
691561,9.216e-06
691600,0.00051328
691643,1.408e-05
691676,2.6624e-05
691717,4.0704e-05
691762,1.024e-06
691770,2.7904e-05
691801,0.0001024
691895,6.1696e-05
691909,4.096e-05
692068,3.84e-06
692079,1.664e-05
692149,9.2416e-05
692160,7.4752e-05
692171,0.000976128
692231,1.9456e-05
692241,4.4544e-05
692261,2.1248e-05
692299,2.7392e-05
692334,5.888e-06
692362,1.0496e-05
692402,6.912e-06
692470,1.0496e-05
692504,7.9104e-05
692549,1.28e-05
692578,3.6864e-05
692634,1.536e-06
692661,2.3296e-05
692673,1.792e-06
692677,1.28e-06
692689,4.3008e-05
692715,3.0464e-05
692758,2.2784e-05
692767,7.168e-06
692771,9.3696e-05
692853,9.728e-06
692857,0.000254464
692908,2.7904e-05
693055,2.688e-05
693196,0.000122112
693216,3.712e-05
693249,4.1984e-05
693301,7.1168e-05
693308,2.2784e-05
693362,0.000260096
693410,3.5072e-05
693417,7.8592e-05
693474,3.1232e-05
693535,8.192e-06
693565,2.1248e-05
693597,0.000131072
693612,7.1168e-05
693657,3.5072e-05
693691,1.792e-05
693699,4.1216e-05
693713,2.304e-06
693750,5.376e-06
693793,3.2e-05
693810,3.584e-05
693834,1.792e-06
693882,3.84e-06
693895,1.9456e-05
693946,0.013739264
694083,4.6336e-05
694132,4.352e-06
694153,1.6384e-05
694247,3.7888e-05
694267,1.0752e-05
694291,2.7136e-05
694328,0.000247808
694400,1.28e-06
694445,4.608e-05
694507,2.4576e-05
694533,0.00014848
694557,0.000191744
694566,0.000224256
694603,1.536e-05
694613,1.536e-06
694637,0.000231424
694683,1.7152e-05
694733,9.344e-05
694825,3.712e-05
694854,8.192e-06
694863,5.12e-07
694960,8.96e-06
694990,1.024e-05
695030,1.664e-05
695060,1.2032e-05
695160,1.28e-06
695212,1.5616e-05
695223,2.7648e-05
695257,9.1392e-05
695351,2.8672e-05
695367,1.5616e-05
695406,2.816e-05
695437,5.9904e-05
695479,4.864e-06
695526,4.992e-05
695580,7.424e-06
695681,5.0944e-05
695745,3.584e-06
695756,6.8096e-05
695769,0.000416
695852,6.912e-06
695861,8.704e-06
695896,0.000328448
695925,0.000112128
696035,0.000223488
696076,0.000352768
696116,4.736e-05
696237,0.000114176
696261,6.144e-06
696265,7.04e-05
696303,5.12e-06
696358,0.000118016
696516,2.56e-07
696536,7.424e-06
696613,1.536e-05
696657,2.2272e-05
696723,1.3824e-05
696737,5.12e-06
696840,0.000108288
696841,0.000280064
696887,1.8944e-05
696906,2.2272e-05
696920,2.4064e-05
696932,2.048e-06
696945,0.000437248
696959,0.000366336
697010,5.4528e-05
697017,2.4064e-05
697029,4.5056e-05
697069,9.344e-05
697200,4.3008e-05
697226,7.296e-05
697263,5.8368e-05
697326,3.7376e-05
697343,0.000270336
697375,0.000112128
697394,0.000187648
697534,8.0384e-05
697561,5.1712e-05
697565,2.816e-06
697625,2.9184e-05
697691,0.000517888
697768,4.224e-05
697807,1.024e-05
697826,5.376e-05
697853,1.92e-05
697877,0.000371456
698034,5.0688e-05
698083,0.000254976
698156,0.000107008
698207,4.608e-06
698233,9.0368e-05
698279,3.9168e-05
698292,8.448e-06
698306,2.56e-05
698324,3.9424e-05
698337,2.56e-05
698353,0.000136704
698488,2.6112e-05
698510,8.96e-05
698597,2.048e-06
698648,2.6112e-05
698714,7.424e-06
698745,4.864e-06
698756,0.000224
698763,0.004369664
698912,1.9968e-05
699024,3.328e-06
699059,4.1984e-05
699112,0.000100096
699147,1.9712e-05
699175,2.432e-05
699297,5.888e-06
699327,7.168e-06
699335,5.7344e-05
699356,0.000492032
699396,3.5584e-05
699478,4.608e-06
699538,9.5744e-05
699580,1.3312e-05
699606,9.984e-05
699687,5.1712e-05
699724,2.2016e-05
699733,4.864e-06
699962,1.3312e-05
700113,3.0464e-05
700219,0.000146688
700242,0.000100352
700254,0.000109824
700273,6.7328e-05
700336,9.8304e-05
700473,1.792e-05
700492,2.4576e-05
700545,1.5872e-05
700555,6.1952e-05
700560,0.000338432
700647,0.000265472
700713,7.6032e-05
700760,7.04e-05
700809,2.0224e-05
700894,3.1488e-05
701002,5.888e-06
701027,4.1984e-05
701080,4.1728e-05
701138,1.3824e-05
701157,2.4832e-05
701162,5.7344e-05
701380,2.9696e-05
701387,5.888e-06
701403,9.984e-05
701536,4.992e-05
701572,3.7888e-05
701632,0.000215552
701651,1.4592e-05
701692,0.000213504
701725,4.5056e-05
701744,5.12e-06
701748,8.2688e-05
701753,0.000134912
701776,0.000459776
701806,1.9456e-05
701924,6.5792e-05
701968,0.000249344
701974,0.000123648
702025,2.56e-06
702033,5.12e-06
702106,0.000307968
702141,9.1648e-05
702157,0.00024448
702202,1.2288e-05
702301,2.2784e-05
702345,9.216e-06
702351,6.1184e-05
702407,1.6896e-05
702463,3.3024e-05
702494,2.56e-07
702495,7.1936e-05
702520,1.9968e-05
702545,6.1952e-05
702609,0.000160512
702704,0.000153856
702727,8.3712e-05
702762,3.6608e-05
702771,2.2016e-05
702774,9.9584e-05
702894,0.000260608
702914,8.192e-06
702935,1.5104e-05
702957,2.3296e-05
702973,8.7296e-05
702994,1.1008e-05
703052,5.12e-07
703188,7.7824e-05
703219,0.000125696
703264,8.704e-06
703265,0.000573952
703333,4.864e-06
703384,1.8432e-05
703459,5.5552e-05
703532,3.328e-06
703540,5.4784e-05
703560,0.000268288
703565,0.00101888
703640,0.00016896
703687,3.6864e-05
703787,0.000124416
703815,0.000178944
703843,2.816e-06
703860,1.92e-05
703924,1.152e-05
704000,7.168e-06
704007,3.712e-05
704100,0.000194816
704165,0.000337152
704240,3.072e-06
704265,1.4336e-05
704288,7.0656e-05
704336,6.784e-05
704415,7.936e-06
704449,8.448e-06
704453,3.7376e-05
704469,0.000568064
704603,3.712e-05
704644,5.12e-07
704721,8.192e-06
704758,0.002335488
704860,2.56e-07
704865,4.0192e-05
704924,8.2176e-05
705003,9.216e-06
705078,5.504e-05
705090,1.3568e-05
705147,1.2544e-05
705165,3.072e-06
705332,1.2288e-05
705346,0.00058496
705403,2.4064e-05
705427,4.992e-05
705459,0.00010624
705482,0.000108288
705569,1.92e-05
705587,2.048e-06
705663,1.4848e-05
705693,3.072e-05
705749,2.816e-05
705763,1.4848e-05
705792,6.016e-05
705833,9.856e-05
705959,5.248e-05
705983,4.352e-06
706005,3.7376e-05
706099,0.000194816
706181,4.608e-05
706236,7.424e-06
706277,8.192e-06
706281,0.000184064
706413,1.792e-06
706436,2.048e-06
706442,1.2544e-05
706525,3.328e-06
706540,3.3536e-05
706595,0.00012928
706642,2.304e-05
706685,7.68e-06
706722,2.3552e-05
706740,0.000126464
706855,8.2944e-05
706889,0.000229376
706965,3.2256e-05
706998,1.792e-06
707006,0.000196608
707100,1.7408e-05
707109,0.0
707155,0.000112128
707162,7.168e-06
707191,4.352e-05
707228,1.6384e-05
707295,1.792e-06
707309,1.6896e-05
707394,1.1008e-05
707406,2.048e-06
707451,2.2016e-05
707495,9.6256e-05
707502,6.8096e-05
707587,3.0464e-05
707607,2.1504e-05
707707,1.024e-05
707735,3.9424e-05
707746,3.4816e-05
707767,8.5248e-05
707769,1.9712e-05
707801,1.2544e-05
707816,1.9968e-05
707841,0.000584448
707888,3.6096e-05
707895,3.0976e-05
707937,5.888e-06
707962,3.072e-06
708028,3.0464e-05
708115,6.912e-06
708160,2.5088e-05
708295,2.9952e-05
708327,2.7648e-05
708345,0.0001536
708415,3.2256e-05
708456,9.472e-06
708549,9.216e-06
708563,1.28e-05
708616,4.096e-06
708667,3.456e-05
708715,0.00015872
708756,0.000592896
708788,9.216e-05
708820,1.4592e-05
708890,0.00011904
708922,3.5072e-05
708945,0.000113152
708964,3.3024e-05
708976,0.000189952
709097,8.448e-06
709135,4.7872e-05
709166,1.1776e-05
709218,1.8176e-05
709250,3.1232e-05
709272,1.28e-05
709371,5.1456e-05
709408,1.9712e-05
709526,0.000340224
709545,0.001184768
709619,3.4304e-05
709754,3.6608e-05
709775,3.6608e-05
709798,2.944e-05
709855,7.5264e-05
709880,2.8928e-05
709920,1.3824e-05
709927,3.5072e-05
710059,9.984e-06
710149,2.3296e-05
710160,0.0001024
710252,8.3968e-05
710274,7.5264e-05
710292,3.2512e-05
710317,0.000135936
710323,0.000113152
710399,1.4336e-05
710456,7.68e-07
710466,6.144e-06
710572,9.8304e-05
710631,3.84e-06
710745,0.001319168
710773,0.000381184
711085,5.12e-07
711147,2.1504e-05
711160,5.4272e-05
711193,7.936e-06
711262,6.144e-06
711271,9.0112e-05
711332,5.12e-07
711345,1.024e-06
711357,6.2208e-05
711358,0.0009664
711451,7.68e-07
711480,6.5024e-05
711497,3.6096e-05
711579,3.3536e-05
711619,9.472e-06
711652,5.1456e-05
711687,0.000126208
711717,3.2256e-05
711758,3.7888e-05
711798,6.1952e-05
711816,2.6624e-05
711940,0.000140288
711964,8.704e-05
712026,0.000122624
712038,5.2736e-05
712070,8.1408e-05
712102,1.2544e-05
712136,1.2288e-05
712157,1.9456e-05
712164,4.4288e-05
712245,7.424e-06
712251,2.56e-05
712258,1.5872e-05
712332,2.4832e-05
712351,9.4976e-05
712420,4.4544e-05
712440,1.0496e-05
712464,3.328e-06
712467,6.1696e-05
712493,7.424e-06
712510,2.7392e-05
712562,0.00016768
712591,3.84e-06
712689,7.3472e-05
712816,3.7888e-05
712864,4.7872e-05
712998,3.1488e-05
713060,0.000279808
713113,1.664e-05
713267,1.792e-06
713324,3.9936e-05
713351,5.5296e-05
713382,1.5872e-05
713420,4.096e-06
713464,6.9888e-05
713575,2.3296e-05
713650,5.2992e-05
713655,0.00041856
713720,8.7552e-05
713746,4.7616e-05
713763,0.0003008
713822,3.84e-06
713830,0.00021632
713901,0.000339456
713933,1.408e-05
713947,4.096e-06
713992,8.192e-06
714014,3.3792e-05
714042,5.9392e-05
714078,3.7376e-05
714136,0.000620032
714203,3.1232e-05
714221,5.2736e-05
714311,4.352e-06
714353,1.9456e-05
714370,0.000279296
714447,4.864e-06
714487,2.4064e-05
714516,7.68e-07
714524,1.4336e-05
714529,0.000133376
714543,0.000219136
714582,1.2544e-05
714590,3.6864e-05
714661,0.000192256
714727,5.4528e-05
714762,1.8176e-05
714844,6.912e-06
714858,9.216e-06
714867,5.4272e-05
714976,0.000233216
715013,1.152e-05
715023,8.448e-06
715065,5.12e-06
715079,2.6112e-05
715127,8.96e-06
715130,0.00012544
715147,6.656e-05
715172,5.6576e-05
715204,1.9968e-05
715237,2.0992e-05
715256,2.048e-05
715283,1.3056e-05
715327,2.432e-05
715468,9.1392e-05
715499,1.792e-06
715539,6.8864e-05
715559,0.000215552
715560,0.004163328
715614,3.3024e-05
715665,0.000118016
715780,0.000266752
715805,1.0496e-05
715869,5.0432e-05
715939,3.1232e-05
716073,2.56e-06
716163,0.003740928
716255,0.000220928
716340,1.7664e-05
716374,6.144e-06
716427,1.92e-05
716458,4.608e-06
716536,1.664e-05
716623,3.3024e-05
716630,3.5072e-05
716762,0.000124928
716764,0.001029632
716778,2.304e-06
716836,4.096e-05
716865,1.3056e-05
716951,1.2288e-05
716956,9.0368e-05
716996,0.000261376
717067,0.000133376
717095,8.8064e-05
717118,2.1248e-05
717130,4.2752e-05
717164,5.632e-05
717194,6.912e-06
717211,2.816e-05
717237,3.4304e-05
717253,2.7648e-05
717328,5.632e-06
717331,0.0018304
717361,0.000292864
717460,0.000322816
717467,0.001037568
717502,2.5856e-05
717558,0.000134144
717579,2.5344e-05
717632,7.7824e-05
717752,2.9184e-05
717810,3.84e-06
717916,1.3568e-05
717945,3.84e-05
717946,0.000183296
718181,2.432e-05
718184,3.584e-05
718244,3.072e-06
718253,3.7376e-05
718324,2.4064e-05
718326,0.002591744
718372,3.4304e-05
718416,4.608e-06
718461,6.912e-06
718483,2.304e-06
718545,3.6864e-05
718560,5.2736e-05
718642,1.6384e-05
718687,4.5312e-05
718708,3.0464e-05
718780,0.000498944
718912,4.5824e-05
718951,8.448e-06
719008,4.608e-05
719064,1.7408e-05
719105,9.984e-06
719145,3.0464e-05
719187,2.8416e-05
719349,1.8432e-05
719391,3.84e-06
719447,7.68e-07
719457,2.304e-06
719463,7.9104e-05
719464,5.12e-06
719466,1.3568e-05
719552,5.632e-06
719580,5.3504e-05
719650,0.000184064
719699,2.5344e-05
719730,5.888e-06
719744,6.8352e-05
719745,2.5856e-05
719756,4.9664e-05
719766,9.1136e-05
719867,1.8688e-05
719902,0.000113152
719926,8.2176e-05
719937,1.8688e-05
719956,0.000465664
719994,6.8096e-05
720002,1.1008e-05
720068,1.792e-05
720089,8.96e-06
720102,0.000153856
720207,1.28e-06
720234,3.7888e-05
720337,8.5248e-05
720362,4.2496e-05
720470,7.936e-06
720484,4.0704e-05
720521,4.864e-05
720540,3.5584e-05
720612,7.4496e-05
720624,6.912e-05
720692,4.4544e-05
720724,2.5088e-05
720774,0.000203776
720810,1.408e-05
720878,8.192e-06
720948,1.92e-05
720960,3.4304e-05
720987,2.7392e-05
721007,5.12e-06
721058,0.00013312
721139,2.56e-06
721175,8.96e-05
721207,7.68e-06
721260,0.000316416
721301,7.68e-06
721374,4.6592e-05
721471,2.5344e-05
721519,1.7152e-05
721558,0.000277248
721622,2.6368e-05
721635,6.2464e-05
721681,3.9168e-05
721719,0.000213504
721785,1.6384e-05
721797,6.784e-05
721820,1.4336e-05
721839,0.0002432
721869,0.000126976
721897,5.76e-05
721949,1.536e-06
721966,0.000147968
721976,6.3488e-05
722000,4.7616e-05
722019,0.000187392
722068,2.7136e-05
722133,3.2256e-05
722161,0.000276992
722213,2.048e-06
722248,0.000102912
722292,0.00015232
722375,1.4336e-05
722401,5.12e-06
722421,9.216e-06
722425,8.7808e-05
722524,4.0704e-05
722600,1.8688e-05
722669,0.000243712
722722,8.32e-05
722745,3.5072e-05
722756,2.432e-05
722779,0.000109312
722848,0.000663552
722905,1.792e-06
722919,0.000118528
722944,1.1776e-05
723056,2.1248e-05
723102,7.5264e-05
723135,0.000322048
723181,0.000210944
723231,9.216e-06
723234,6.4e-06
723345,2.56e-07
723352,2.5088e-05
723360,0.000232704
723381,3.8912e-05
723415,6.272e-05
723425,2.5856e-05
723436,7.68e-07
723457,1.792e-06
723541,1.0496e-05
723597,9.472e-06
723682,7.68e-06
723727,1.4592e-05
723728,3.9424e-05
723757,4.224e-05
723804,6.784e-05
723820,1.8688e-05
723855,0.000125184
723895,6.0928e-05
723933,6.8864e-05
723969,4.9152e-05
724034,3.0464e-05
724047,1.9712e-05
724179,2.816e-06
724324,0.000190208
724351,7.1168e-05
724493,6.6816e-05
724534,4.1728e-05
724557,3.9936e-05
724614,4.48e-05
724659,0.0001152
724685,1.792e-06
724699,1.5616e-05
724734,1.0752e-05
724759,2.2528e-05
724795,6.1952e-05
724822,1.92e-05
724887,4.992e-05
724995,1.3568e-05
725043,2.0224e-05
725083,0.000158208
725104,2.4576e-05
725146,1.4592e-05
725161,0.000868864
725162,0.000545792
725247,0.000194816
725281,1.3312e-05
725313,1.408e-05
725367,5.888e-06
725397,0.000196352
725418,5.376e-06
725514,8.0896e-05
725546,0.000174336
725644,3.328e-06
725743,4.4544e-05
725757,0.000139264
725759,0.00107776
725792,6.3232e-05
725862,0.005739776
726027,4.7104e-05
726141,0.000658688
726197,0.000169728
726220,5.888e-06
726265,9.984e-05
726294,1.9968e-05
726323,0.00057088
726357,0.000219392
726383,3.072e-06
726587,1.7664e-05
726597,3.3792e-05
726608,3.7888e-05
726662,1.152e-05
726681,0.000570368
726728,1.0752e-05
726735,0.000114688
726795,3.328e-06
726820,0.000179456
726879,1.0752e-05
726920,2.56e-07
726924,0.000120064
726946,9.216e-05
727255,0.00011392
727287,4.2752e-05
727328,3.84e-05
727347,9.472e-06
727379,3.968e-05
727415,2.0992e-05
727561,2.816e-06
727566,2.432e-05
727600,0.00010368
727651,6.144e-06
727655,1.0496e-05
727681,5.4784e-05
727716,1.2544e-05
727763,3.1232e-05
727772,3.2e-05
727799,1.0496e-05
727845,9.088e-05
727955,3.9424e-05
727996,1.8688e-05
728044,2.304e-06
728056,9.984e-06
728108,6.912e-06
728120,2.56e-06
728134,0.000565504
728163,0.002234112
728211,1.2544e-05
728227,3.1744e-05
728287,2.56e-06
728497,1.6896e-05
728586,3.4048e-05
728630,4.2752e-05
728644,1.1264e-05
728754,3.0464e-05
728761,0.000151808
728764,0.005561088
728840,4.5568e-05
728884,5.1968e-05
728893,1.664e-05
728911,7.936e-06
728931,6.8352e-05
728939,1.0496e-05
729011,3.456e-05
729058,0.000187136
729115,3.072e-06
729126,1.28e-06
729151,0.000121088
729168,9.088e-05
729195,2.304e-05
729228,8.192e-06
729285,3.4048e-05
729453,0.002607872
729517,1.5104e-05
729622,9.344e-05
729739,0.000223744
729769,0.000242688
729922,0.000124672
729957,2.816e-06
729970,5.5552e-05
729994,5.12e-06
730029,1.4848e-05
730087,3.0464e-05
730119,9.1648e-05
730154,0.000263936
730224,3.456e-05
730265,7.936e-06
730279,5.3248e-05
730339,1.536e-05
730359,4.352e-06
730415,0.000155904
730508,3.7376e-05
730539,3.7888e-05
730558,5.8112e-05
730569,0.0001024
730595,1.28e-06
730674,3.968e-05
730735,3.8912e-05
730793,0.000217344
730822,3.712e-05
730843,2.2784e-05
730890,4.864e-06
730898,4.608e-06
730995,1.6384e-05
731045,1.28e-06
731063,1.2544e-05
731080,6.144e-05
731142,2.2784e-05
731157,4.608e-06
731165,0.004025088
731217,9.856e-05
731302,1.0496e-05
731409,2.2272e-05
731417,4.352e-06
731530,2.2784e-05
731545,0.00022912
731601,0.00015616
731617,5.4784e-05
731692,4.352e-06
731733,4.1216e-05
731741,1.8688e-05
731759,1.9968e-05
731780,3.0208e-05
731801,0.00053888
731958,9.216e-06
732022,7.3728e-05
732033,4.3776e-05
732088,7.168e-06
732179,1.7152e-05
732282,0.000125952
732301,1.9968e-05
732352,2.4064e-05
732407,1.2544e-05
732410,1.8688e-05
732457,5.5552e-05
732475,1.8432e-05
732503,8.6784e-05
732519,2.56e-07
732538,2.2016e-05
732560,0.000140032
732612,2.4832e-05
732645,2.048e-06
732724,8.704e-06
732773,4.6336e-05
732801,0.000297472
732881,6.144e-06
732899,6.2976e-05
732935,6.4e-06
732959,7.936e-06
732964,0.000153344
733227,8.3712e-05
733270,2.56e-07
733300,3.0208e-05
733377,1.0496e-05
733405,1.792e-06
733438,2.56e-05
733471,0.000103168
733491,2.304e-06
733528,0.000112384
733556,6.912e-05
733587,5.7856e-05
733616,0.00010112
733701,2.0992e-05
733725,2.6368e-05
733780,4.48e-05
733843,5.376e-06
733927,6.3232e-05
733938,0.000141568
733978,2.4576e-05
733998,3.84e-06
734008,1.7408e-05
734018,1.2544e-05
734038,0.000203008
734058,7.8848e-05
734078,0.000204544
734088,0.000114688
734098,0.000164096
734118,0.00060544
734148,0.000304896
734157,0.000527616
734165,1.6896e-05
734167,0.00933632
734208,0.000429824
734228,0.000298752
734258,0.00024192
734268,0.000788224
734278,0.000304896
734298,0.0048128
734348,0.000198144
734358,0.000503296
734388,0.00012288
734478,3.072e-06
734489,9.728e-06
734579,3.3792e-05
734607,0.001062656
734656,0.000322048
734741,0.00025984
734756,4.1728e-05
734772,0.000131072
734848,6.9888e-05
734901,2.7648e-05
734953,1.3568e-05
734967,2.2784e-05
734995,5.7344e-05
735003,2.56e-07
735020,0.000204288
735109,4.096e-06
735152,4.864e-06
735170,7.424e-06
735213,7.68e-06
735252,2.4576e-05
735294,2.176e-05
735324,2.56e-05
735364,0.000273664
735368,0.001344768
735415,2.432e-05
735507,4.0448e-05
735552,8.32e-05
735672,8.704e-05
735708,8.192e-06
735719,5.4784e-05
735748,8.0384e-05
735782,5.12e-07
735880,2.2528e-05
735928,1.3312e-05
735959,0.000132608
736080,2.8928e-05
736109,8.192e-06
736128,1.2544e-05
736180,6.2976e-05
736198,1.9456e-05
736203,2.7392e-05
736280,2.048e-06
736311,1.024e-05
736407,2.0992e-05
736414,1.0752e-05
736448,7.3216e-05
736558,0.0004928
736565,6.4e-06
736593,0.00022144
736641,4.352e-06
736719,9.472e-06
736736,2.304e-06
736745,4.352e-06
736778,3.2e-05
736789,3.5328e-05
736839,3.968e-05
736891,5.632e-05
736933,8.96e-06
736966,5.888e-06
736967,2.6624e-05
737011,9.728e-06
737035,9.472e-06
737049,9.728e-06
737081,3.328e-06
737098,5.5296e-05
737125,0.000226304
737165,4.9664e-05
737201,3.072e-06
737207,1.1008e-05
737324,9.0368e-05
737390,2.304e-06
737427,5.5552e-05
737484,9.984e-06
737637,7.168e-06
737657,1.792e-06
737705,4.0704e-05
737756,2.0736e-05
737768,1.2032e-05
737775,9.216e-06
737782,6.5024e-05
737816,3.8144e-05
737840,0.000253952
737919,4.6592e-05
737951,2.432e-05
737969,4.5824e-05
737974,5.8624e-05
738016,3.5328e-05
738050,6.656e-06
738183,8.96e-06
738229,0.000195584
738247,5.7856e-05
738275,0.000135168
738292,4.608e-06
738329,9.088e-05
738346,0.000251392
738363,0.000403456
738407,1.024e-05
738639,3.2e-05
738697,2.56e-07
738729,7.168e-06
738748,1.5616e-05
738776,1.6896e-05
738804,2.176e-05
738849,2.0992e-05
738919,9.728e-06
738945,2.2784e-05
738951,3.584e-05
738964,0.00027008
739002,4.992e-05
739028,1.0752e-05
739052,2.3296e-05
739127,2.8672e-05
739139,1.5616e-05
739164,5.5808e-05
739176,0.0004288
739245,0.00011648
739401,0.000177664
739435,0.0002368
739468,4.4288e-05
739498,2.56e-06
739515,2.6624e-05
739560,4.608e-05
739639,9.1904e-05
739667,8.192e-06
739676,3.4304e-05
739733,2.4576e-05
739798,1.536e-05
739839,1.2544e-05
739864,0.000100352
739875,0.000158208
739889,0.000113664
739910,0.000314368
739964,3.328e-05
739975,1.536e-05
740027,6.656e-06
740046,3.3536e-05
740069,3.584e-05
740288,6.4e-05
740371,3.456e-05
740400,5.2736e-05
740408,1.8944e-05
740443,2.56e-06
740468,2.048e-05
740640,5.12e-06
740672,6.0672e-05
740750,1.0752e-05
740764,2.0224e-05
740771,1.5872e-05
740856,1.152e-05
740896,7.4752e-05
740971,5.4016e-05
740997,4.096e-06
741036,3.968e-05
741131,6.4e-06
741171,1.8432e-05
741177,2.7136e-05
741229,1.9456e-05
741237,3.4048e-05
741306,5.6832e-05
741315,4.5824e-05
741364,3.4304e-05
741430,0.000325888
741504,9.8048e-05
741552,7.68e-07
741561,8.448e-06
741618,1.8944e-05
741650,3.4048e-05
741652,0.000145152
741721,9.216e-06
741754,1.1776e-05
741757,0.000197888
741777,8.96e-06
741800,1.536e-06
741858,6.144e-06
741907,7.68e-07
741961,3.072e-05
741973,0.000173056
742032,0.000113152
742142,4.608e-06
742184,0.000112896
742219,9.6768e-05
742358,3.6352e-05
742380,2.3552e-05
742416,3.1232e-05
742481,7.424e-06
742561,1.0496e-05
742580,0.000126208
742638,9.472e-06
742684,4.9408e-05
742726,4.4032e-05
742777,4.2496e-05
742846,4.3776e-05
742956,6.1952e-05
742962,1.1008e-05
743033,2.3808e-05
743077,7.6544e-05
743112,0.000259328
743163,9.5232e-05
743168,0.000689408
743276,0.000295168
743325,4.2752e-05
743332,0.000100352
743422,2.176e-05
743571,2.56e-06
743586,8.96e-06
743624,0.000191488
743669,6.0672e-05
743728,1.6896e-05
743768,0.000192512
743874,0.000148224
744018,1.28e-06
744047,1.9968e-05
744103,7.9872e-05
744164,4.6848e-05
744293,0.00022784
744351,8.6016e-05
744403,5.888e-06
744410,1.5616e-05
744425,0.000306176
744477,3.584e-05
744481,9.728e-06
744513,7.5264e-05
744528,9.216e-06
744542,7.3472e-05
744562,0.00010752
744587,0.000143616
744600,0.000242432
744625,5.76e-05
744635,0.00023808
744649,0.000257792
744686,0.000677632
744721,2.304e-05
744770,3.456e-05
744800,6.4e-06
744825,0.000105472
744867,1.2288e-05
744902,1.3056e-05
744951,0.00029952
744961,5.504e-05
744967,0.000112384
744989,0.000233216
745003,0.000128768
745029,0.000509696
745034,0.000280576
745055,0.0002112
745060,6.912e-06
745077,6.016e-05
745114,0.0001408
745159,1.024e-05
745179,5.12e-05
745255,3.1232e-05
745265,0.000405504
745301,0.000442368
745306,2.304e-05
745403,0.000228352
745480,6.784e-05
745536,2.7648e-05
745539,6.656e-06
745564,6.8352e-05
745565,0.000998656
745602,2.56e-05
745656,3.4048e-05
745680,0.000171008
745788,7.4496e-05
745804,0.000310528
745822,1.28e-05
745849,0.000186368
745871,5.5808e-05
745900,9.216e-06
745944,2.816e-06
745965,7.8592e-05
746021,2.304e-06
746022,0.000502528
746081,0.000348416
746148,2.304e-05
746189,0.000500736
746251,0.00020224
746263,0.00013696
746320,1.1264e-05
746350,0.000173056
746359,0.000599808
746440,0.00028672
746530,2.048e-05
746553,0.000169472
746687,3.84e-05
746756,0.003290624
746821,1.536e-06
746824,8.9088e-05
746867,0.000632832
746898,0.00043904
746990,6.0928e-05
746999,0.00046336
747050,0.000281856
747093,3.6608e-05
747095,6.4e-06
747124,2.9696e-05
747158,4.3264e-05
747160,0.000220672
747194,8.832e-05
747217,2.2016e-05
747237,0.000135936
747283,3.072e-05
747312,6.7584e-05
747345,3.328e-05
747348,8.4224e-05
747363,0.000101888
747366,6.784e-05
747380,5.5552e-05
747444,2.0992e-05
747454,2.3808e-05
747512,3.712e-05
747547,7.2448e-05
747595,4.4032e-05
747655,6.912e-06
747677,1.1008e-05
747743,3.3536e-05
747756,0.0009792
747893,0.000145664
748061,1.152e-05
748103,0.000137728
748183,2.3552e-05
748213,1.7664e-05
748242,1.6896e-05
748258,3.1488e-05
748273,1.664e-05
748308,2.816e-06
748314,4.352e-06
748349,0.0001152
748397,1.8688e-05
748435,9.216e-06
748441,1.024e-06
748455,1.536e-05
748509,1.4336e-05
748557,0.00016128
748654,3.6864e-05
748663,3.072e-05
748675,1.7408e-05
748731,3.7632e-05
748756,0.000217088
748830,3.0976e-05
748897,2.1248e-05
748908,7.68e-07
748976,4.5312e-05
749024,6.144e-06
749044,3.328e-05
749064,5.9136e-05
749157,5.8112e-05
749168,2.4832e-05
749204,9.7792e-05
749221,5.2224e-05
749275,1.7152e-05
749304,2.4576e-05
749327,3.6352e-05
749338,4.0192e-05
749450,8.8576e-05
749497,2.56e-06
749526,0.000290816
749632,1.408e-05
749667,7.5776e-05
749745,4.5824e-05
749756,0.000173824
749760,0.001135872
749827,2.56e-07
749828,3.7888e-05
749841,3.584e-06
749860,5.4784e-05
749975,2.1248e-05
749988,0.000102144
750047,4.3008e-05
750075,1.28e-06
750106,2.3296e-05
750108,7.5264e-05
750140,6.5536e-05
750240,3.7632e-05
750264,2.432e-05
750268,1.5616e-05
750274,4.6592e-05
750388,1.8944e-05
750464,1.3312e-05
750524,0.00010368
750554,5.7856e-05
750627,9.984e-06
750676,9.728e-06
750708,8.192e-06
750754,0.000128512
750773,1.8176e-05
750808,7.2192e-05
750820,4.4032e-05
750886,3.9168e-05
750903,2.6368e-05
750936,2.816e-06
750963,4.864e-06
751048,2.4832e-05
751096,3.9168e-05
751112,1.6896e-05
751187,1.4592e-05
751200,1.3568e-05
751280,0.00011392
751340,2.2272e-05
751394,1.1264e-05
751422,0.00023424
751469,0.000141312
751557,0.000717056
751587,0.000100608
751647,6.3488e-05
751727,0.000133632
751734,0.000199424
751794,1.792e-06
751798,4.4288e-05
751838,2.2272e-05
751891,3.2256e-05
751977,0.000837888
752014,9.088e-05
752044,2.0992e-05
752104,1.4592e-05
752160,0.000499712
752173,2.9184e-05
752239,2.2784e-05
752258,1.152e-05
752298,0.000110848
752417,1.4336e-05
752423,1.8688e-05
752428,3.3024e-05
752480,3.7632e-05
752487,9.216e-06
752517,2.6112e-05
752567,2.56e-06
752698,1.792e-06
752760,0.000658432
752885,2.4064e-05
752967,2.2784e-05
753032,1.024e-06
753101,6.3232e-05
753153,0.000336896
753202,5.12e-06
753210,4.0704e-05
753356,3.328e-05
753359,0.00010752
753365,0.002244864
753457,2.4064e-05
753513,0.0001152
753567,3.8144e-05
753634,3.328e-06
753667,1.8688e-05
753685,4.224e-05
753768,3.6352e-05
753781,2.9952e-05
753799,6.0672e-05
753860,2.9952e-05
753875,3.2e-05
753906,3.2512e-05
753947,5.0944e-05
753960,7.5264e-05
753999,3.6096e-05
754046,3.4304e-05
754048,0.0
754145,4.864e-06
754168,0.000108288
754187,1.536e-06
754206,0.000116992
754295,3.712e-05
754354,0.000102144
754443,1.0496e-05
754473,4.4544e-05
754545,2.816e-06
754552,7.68e-06
754566,6.8352e-05
754648,2.7648e-05
754685,8.7808e-05
754728,1.3056e-05
754854,5.9392e-05
754861,8.192e-06
754977,4.4544e-05
754987,0.000836608
755091,1.8688e-05
755159,6.1696e-05
755167,0.000172032
755305,4.864e-06
755317,1.92e-05
755376,7.3984e-05
755420,5.12e-06
755447,4.096e-06
755457,4.096e-06
755485,1.8432e-05
755525,0.000117248
755642,3.1488e-05
755665,4.5568e-05
755746,1.792e-06
755761,0.004060928
755832,6.9376e-05
755860,6.6816e-05
755947,7.424e-06
756051,4.6592e-05
756099,0.000107776
756148,0.000334848
756181,0.00017536
756208,2.0736e-05
756263,4.736e-05
756327,1.1008e-05
756345,9.984e-06
756360,1.4592e-05
756362,0.000115712
756396,5.4784e-05
756421,5.76e-05
756439,7.68e-06
756460,8.192e-06
756475,5.504e-05
756549,8.2944e-05
756607,0.000123392
756679,0.000109568
756720,5.376e-06
756734,0.000123648
756920,1.92e-05
756954,1.8432e-05
757035,5.6064e-05
757121,6.912e-06
757172,3.1232e-05
757220,7.0656e-05
757309,2.9696e-05
757317,9.472e-06
757359,2.9184e-05
757387,3.072e-05
757389,3.328e-06
757479,1.024e-05
757489,1.0496e-05
757529,8.0384e-05
757549,5.12e-07
757557,1.0496e-05
757589,0.000278016
757609,0.000143872
757619,5.1456e-05
757649,0.000140032
757679,0.000122112
757729,3.2256e-05
757739,0.00014976
757749,0.000443392
757779,7.936e-06
757789,0.000403712
757799,0.000186368
757809,0.00011008
757829,9.1648e-05
757839,0.00077696
757859,8.6528e-05
757869,5.3504e-05
757879,8.4992e-05
757889,0.0002112
757909,0.000536576
757919,0.000337152
757929,0.000343808
757939,0.000257024
757949,0.000176128
757959,0.00019456
757969,0.000285696
757989,0.000462336
757999,0.000352768
758019,0.000276224
758029,0.000660736
758039,9.5744e-05
758059,0.000233216
758069,0.000363776
758089,0.000373248
758099,0.000657152
758109,0.000617728
758129,0.0002688
758139,0.00038016
758149,0.000253184
758169,0.00034176
758179,0.000316672
758189,0.000634624
758209,0.000407552
758229,0.000961792
758259,0.0003328
758269,0.000677632
758329,0.000603904
758407,4.352e-06
758431,4.5312e-05
758438,2.4064e-05
758476,2.7136e-05
758518,5.12e-07
758552,9.8816e-05
758634,9.728e-06
758657,1.3056e-05
758758,0.00032
758760,6.9888e-05
758819,5.12e-06
758926,4.864e-06
758932,7.7056e-05
758947,2.2272e-05
758981,1.28e-06
759104,0.00015744
759180,2.304e-06
759207,9.472e-06
759218,3.84e-06
759267,8.96e-06
759286,1.9712e-05
759335,7.168e-06
759348,1.8432e-05
759357,0.004390912
759382,0.000215296
759453,3.584e-06
759470,3.84e-05
759489,8.9856e-05
759494,6.6048e-05
759524,5.2224e-05
759551,1.2288e-05
759626,9.216e-06
759669,1.7408e-05
759725,3.84e-06
759766,0.000136704
759800,1.3568e-05
759869,7.68e-07
759895,2.2528e-05
759916,3.5072e-05
759962,0.00015744
759969,0.000828928
760028,8.96e-06
760039,0.000100352
760081,3.3024e-05
760181,1.4848e-05
760322,0.000100352
760420,0.000158208
760556,1.024e-06
760568,0.000187136
760625,0.000417024
760724,3.8656e-05
760744,7.552e-05
760779,0.000120064
760855,5.6576e-05
760898,0.000142336
760911,0.000196096
761074,2.56e-07
761155,0.000272128
761222,4.5568e-05
761248,2.7136e-05
761316,0.00044416
761350,2.304e-06
761360,4.352e-05
761410,6.9888e-05
761511,0.000219136
761621,1.792e-05
761635,2.304e-06
761745,1.4336e-05
761746,6.2208e-05
761757,0.000135936
761765,0.00032384
761896,4.0192e-05
761940,1.152e-05
762002,2.3552e-05
762065,0.000221184
762095,3.0208e-05
762105,0.000198656
762179,8.448e-06
762195,6.144e-06
762283,5.12e-06
762289,1.792e-06
762308,6.656e-06
762320,2.56e-07
762360,0.000114432
762424,1.28e-06
762508,2.432e-05
762542,2.816e-05
762601,6.144e-06
762606,1.3568e-05
762649,0.0
762670,7.168e-06
762736,4.352e-06
762771,5.376e-06
762785,6.6816e-05
762881,1.024e-06
762920,5.7856e-05
762943,9.984e-06
762958,6.4256e-05
762981,0.00048512
763000,6.4e-05
763010,7.424e-06
763076,0.000177664
763084,0.000791296
763123,0.000294144
763211,7.7824e-05
763295,0.0
763298,2.0224e-05
763362,2.5344e-05
763387,0.000145408
763402,4.6848e-05
763432,0.0003776
763523,1.9968e-05
763561,1.2032e-05
763563,0.00013056
763591,8.8576e-05
763635,0.00010752
763838,3.9168e-05
763900,5.3504e-05
763963,1.8944e-05
764125,8.448e-06
764143,5.8112e-05
764163,5.632e-06
764169,0.000205568
764195,7.5264e-05
764210,2.176e-05
764324,1.6384e-05
764359,2.9696e-05
764366,7.6544e-05
764431,1.3824e-05
764450,6.656e-06
764537,5.12e-06
764544,5.5552e-05
764598,3.6608e-05
764680,4.864e-06
764757,0.000242688
764769,2.0992e-05
764917,6.4e-06
764922,4.3776e-05
765039,7.68e-07
765080,0.000709376
765117,0.000270336
765242,1.0752e-05
765263,0.0001664
765446,5.9904e-05
765458,4.7616e-05
765505,3.7376e-05
765539,0.000219648
765575,4.9408e-05
765590,4.352e-05
765651,9.216e-06
765729,1.5616e-05
765815,2.1504e-05
765945,0.0001984
766013,5.9392e-05
766116,0.000300288
766142,7.5776e-05
766181,0.000362752
766307,4.2496e-05
766336,3.456e-05
766379,1.0752e-05
766381,5.12e-07
766461,3.072e-06
766470,2.048e-06
766539,1.28e-05
766548,1.1264e-05
766665,8.448e-06
766723,4.9408e-05
766801,1.28e-05
766818,2.5344e-05
766876,1.0496e-05
766919,6.656e-06
767047,1.28e-06
767125,4.5824e-05
767173,3.328e-05
767209,8.5248e-05
767260,7.4752e-05
767291,1.5872e-05
767384,3.0976e-05
767484,7.936e-06
767593,4.3264e-05
767636,1.7152e-05
767665,1.3824e-05
767702,4.5568e-05
767745,6.4e-06
767759,0.002015488
767808,0.000164352
767815,2.7136e-05
767845,0.000109568
767875,0.000721664
767917,3.072e-06
767972,3.7632e-05
767979,2.1504e-05
768027,1.152e-05
768039,2.9184e-05
768092,5.6576e-05
768119,2.6624e-05
768173,1.28e-05
768189,1.8944e-05
768288,1.0496e-05
768372,3.84e-06
768376,5.7856e-05
768418,3.712e-05
768468,3.328e-05
768515,8.448e-06
768605,5.2992e-05
768677,1.5872e-05
768719,8.4736e-05
768764,0.000126208
768794,4.7104e-05
768877,3.84e-06
768928,6.912e-06
768945,7.1424e-05
768960,2.0736e-05
768967,0.00014336
769008,9.0112e-05
769023,0.00020096
769061,3.072e-06
769090,1.0752e-05
769139,6.656e-06
769226,1.7408e-05
769271,8.704e-06
769304,7.424e-06
769403,5.1456e-05
769419,1.2032e-05
769507,1.28e-05
769545,0.00044928
769561,0.000214016
769572,8.576e-05
769609,2.56e-06
769629,5.888e-06
769693,5.1712e-05
769697,0.000172288
769739,1.536e-05
769750,4.096e-06
769783,3.84e-06
769799,1.3824e-05
769838,1.2544e-05
769917,2.1504e-05
769964,2.0736e-05
769990,6.144e-06
770023,5.632e-06
770140,2.56e-07
770160,5.0432e-05
770207,5.888e-06
770287,5.7344e-05
770314,5.2224e-05
770398,2.816e-06
770447,3.2512e-05
770501,2.5344e-05
770527,3.84e-06
770555,0.000116992
770599,1.4592e-05
770602,2.304e-06
770618,9.216e-06
770727,1.5616e-05
770757,2.56e-07
770773,0.000828672
770929,6.656e-06
770965,7.4496e-05
771058,1.024e-06
771076,1.4848e-05
771080,7.7824e-05
771123,1.3824e-05
771132,1.024e-05
771165,7.68e-06
771178,0.000113408
771185,5.632e-06
771276,4.8384e-05
771304,0.000235008
771335,1.2288e-05
771357,0.00012672
771441,5.8368e-05
771456,1.792e-05
771480,0.000221184
771544,3.5328e-05
771547,5.7856e-05
771612,1.0496e-05
771663,2.2528e-05
771744,2.432e-05
771778,4.5568e-05
771798,7.8592e-05
771815,5.6832e-05
771907,4.864e-06
771916,3.2768e-05
771938,7.936e-06
772044,3.6096e-05
772069,7.5776e-05
772164,1.6896e-05
772266,1.7408e-05
772282,1.7152e-05
772339,1.1008e-05
772366,9.216e-05
772495,1.024e-05
772545,4.1216e-05
772560,0.000184064
772723,8.6784e-05
772909,7.1168e-05
772932,3.0976e-05
773082,1.5872e-05
773108,1.8688e-05
773115,0.000675584
773159,2.8928e-05
773165,6.656e-06
773176,0.000104192
773440,1.6128e-05
773539,0.000270336
773557,5.632e-05
773635,2.4576e-05
773683,2.0992e-05
773717,2.0992e-05
773744,1.28e-05
773760,5.9648e-05
773808,0.000489984
773816,0.000361728
773868,5.2736e-05
773885,7.168e-06
773889,0.00031744
773975,7.424e-06
774045,6.4e-06
774121,1.792e-05
774173,2.56e-05
774253,0.000107264
774281,3.4304e-05
774345,4.224e-05
774364,0.000166144
774407,6.2208e-05
774480,7.9616e-05
774510,4.864e-06
774553,2.304e-05
774730,0.001924608
774964,8.2688e-05
775009,2.0736e-05
775024,2.3296e-05
775054,5.888e-06
775127,2.4576e-05
775170,5.12e-06
775218,6.912e-06
775232,1.408e-05
775299,2.048e-05
775369,4.8384e-05
775440,8.96e-06
775443,2.4832e-05
775545,6.6048e-05
775565,0.001431808
775664,5.4272e-05
775716,0.00017024
775811,2.048e-06
775855,6.912e-06
775869,5.0176e-05
775895,3.584e-06
775924,0.000252416
775974,6.912e-06
776043,2.304e-06
776073,1.024e-05
776158,1.9712e-05
776163,0.000109312
776181,3.4816e-05
776303,2.048e-06
776330,1.5104e-05
776411,2.56e-07
776434,9.728e-06
776468,1.2288e-05
776549,8.192e-06
776596,6.4256e-05
776655,2.5856e-05
776693,7.3728e-05
776705,1.3056e-05
776761,5.9648e-05
776783,2.7136e-05
776821,7.68e-07
776859,0.000105728
776973,1.6128e-05
777101,3.2512e-05
777118,9.472e-06
777223,1.3824e-05
777319,5.888e-06
777367,3.4048e-05
777427,5.888e-06
777436,5.5552e-05
777447,0.000187648
777507,1.9712e-05
777553,2.9952e-05
777570,4.3264e-05
777735,3.9936e-05
777785,5.8368e-05
777814,5.0432e-05
777846,9.2416e-05
777886,3.968e-05
777895,3.0464e-05
777898,0.00124544
777948,3.5072e-05
778007,3.9168e-05
778020,7.4496e-05
778111,4.3008e-05
778126,1.5616e-05
778143,0.000150528
778215,3.2256e-05
778284,8.3456e-05
778305,6.4e-05
778351,1.4848e-05
778416,2.4832e-05
778531,0.000114176
778549,1.024e-06
778568,2.816e-06
778592,3.84e-05
778675,4.6848e-05
778705,7.1936e-05
778790,8.32e-05
778842,1.792e-06
778865,0.000114432
778925,2.7392e-05
778990,2.6112e-05
779033,6.144e-06
779143,4.0192e-05
779146,3.9424e-05
779148,3.2256e-05
779200,7.68e-06
779230,2.7904e-05
779285,0.000415232
779319,5.5296e-05
779330,0.000276992
779377,1.2032e-05
779428,1.4336e-05
779453,1.024e-05
779482,4.096e-06
779530,7.68e-07
779635,5.4784e-05
779695,2.5088e-05
779716,6.4e-06
779750,3.584e-06
779773,5.248e-05
779774,3.1488e-05
779869,8.192e-06
779958,9.728e-06
780080,7.168e-06
780113,1.9968e-05
780138,2.56e-07
780152,0.000856576
780192,2.5856e-05
780249,1.4848e-05
780267,4.096e-06
780290,8.448e-06
780365,0.001924096
780420,0.000693504
780487,2.048e-06
780540,2.9952e-05
780546,0.000110592
780600,2.304e-05
780642,0.000110592
780767,5.632e-05
780903,9.3952e-05
780928,3.4816e-05
780935,2.1248e-05
780946,3.328e-05
780960,0.002098176
781048,3.5072e-05
781161,1.3568e-05
781189,2.4064e-05
781207,1.792e-06
781215,1.6384e-05
781252,3.1232e-05
781299,1.4592e-05
781319,1.9712e-05
781340,4.9152e-05
781420,6.5536e-05
781447,2.304e-06
781527,9.216e-06
781559,2.4576e-05
781565,0.000496896
781622,9.728e-06
781645,0.000121088
781714,1.6896e-05
781745,4.096e-06
781766,8.96e-06
781770,9.984e-06
781782,0.001246208
781834,4.7616e-05
781857,1.92e-05
781940,8.7808e-05
781947,0.000181504
781992,2.2528e-05
782021,2.9952e-05
782037,5.632e-06
782093,2.56e-06
782108,2.7136e-05
782156,8.0896e-05
782158,0.000132864
782215,1.0496e-05
782257,2.688e-05
782296,8.2432e-05
782315,4.3776e-05
782443,4.0192e-05
782495,8.448e-06
782507,2.816e-05
782547,1.4592e-05
782624,3.8912e-05
782699,2.3296e-05
782756,2.4064e-05
782759,0.000178944
782769,1.536e-06
782797,1.408e-05
782843,2.304e-05
782867,9.984e-05
782883,6.0672e-05
782913,0.00057088
782940,2.1504e-05
782983,1.6384e-05
782987,1.792e-06
783016,3.328e-05
783044,9.728e-06
783072,2.688e-05
783079,6.656e-05
783115,5.6576e-05
783144,1.536e-06
783147,0.00011008
783221,1.7664e-05
783270,9.2416e-05
783328,7.5264e-05
783419,0.000395776
783466,1.6896e-05
783484,0.000102656
783600,3.328e-06
783623,4.3008e-05
783630,4.992e-05
783644,2.048e-06
783718,9.1136e-05
783742,1.8432e-05
783818,0.000140544
783866,2.5088e-05
783929,7.168e-06
783962,2.2016e-05
784097,2.3552e-05
784156,2.816e-05
784165,0.000152576
784214,3.1488e-05
784227,1.0752e-05
784267,2.7904e-05
784311,4.864e-06
784444,1.0752e-05
784487,2.3808e-05
784629,3.9168e-05
784651,4.352e-06
784659,4.1728e-05
784807,1.9968e-05
784833,9.0112e-05
784840,0.000145408
784883,4.352e-05
784904,3.8656e-05
784943,7.68e-06
785002,1.024e-06
785048,4.9664e-05
785062,2.048e-06
785107,2.048e-06
785120,1.408e-05
785159,2.7136e-05
785162,0.000102656
785197,6.6048e-05
785223,7.936e-06
785245,2.3552e-05
785262,1.3312e-05
785372,2.56e-07
785407,4.608e-05
785445,1.536e-05
785634,1.3312e-05
785639,2.7904e-05
785745,2.816e-06
785748,6.528e-05
785810,6.2208e-05
785905,8.4992e-05
785917,2.816e-06
785979,7.68e-07
786022,5.12e-07
786036,1.9968e-05
786067,6.784e-05
786094,2.048e-06
786205,2.944e-05
786315,4.352e-06
786345,0.000137984
786357,0.000276736
786448,6.0416e-05
786507,5.632e-06
786527,1.28e-06
786548,3.584e-06
786574,9.728e-06
786599,7.168e-06
786765,1.024e-06
786813,2.048e-06
786865,5.0176e-05
786889,2.3552e-05
786920,1.9456e-05
786941,3.6096e-05
786945,2.176e-05
786965,0.000206848
787060,7.7056e-05
787092,0.0
787131,3.1232e-05
787276,1.536e-06
787297,9.0624e-05
787356,6.4512e-05
787406,1.6128e-05
787467,1.5872e-05
787486,1.8176e-05
787545,7.3216e-05
787565,0.001723904
787606,0.000246272
787662,6.528e-05
787716,2.2784e-05
787760,5.9136e-05
787839,1.024e-05
787861,0.000341504
787905,0.00011264
787921,5.0944e-05
787953,1.3568e-05
787969,0.000131584
788069,2.816e-05
788145,0.001700608
788201,3.1488e-05
788235,6.784e-05
788388,3.3024e-05
788400,1.1264e-05
788435,0.000393216
788520,1.6896e-05
788553,8.96e-06
788759,9.856e-05
788773,2.4832e-05
788801,7.68e-07
788893,7.936e-06
788982,1.3568e-05
789067,7.6032e-05
789120,4.096e-06
789219,0.000107776
789262,1.0752e-05
789294,3.6608e-05
789357,9.472e-05
789374,9.216e-06
789383,0.000121856
789478,1.3568e-05
789575,9.7536e-05
789656,1.3312e-05
789731,0.000452096
789769,2.688e-05
789897,5.632e-06
789906,1.8176e-05
789969,5.76e-05
790053,3.0976e-05
790160,5.9136e-05
790167,1.92e-05
790209,7.68e-06
790227,3.1488e-05
790324,4.352e-06
790353,1.3824e-05
790368,3.8912e-05
790425,2.56e-06
790427,2.7136e-05
790471,0.000154368
790515,2.944e-05
790528,1.024e-06
790545,1.536e-05
790563,7.0656e-05
790613,2.816e-06
790639,2.0992e-05
790695,1.3824e-05
790816,7.936e-06
790884,2.7136e-05
790977,0.000109568
791085,4.608e-06
791157,1.1264e-05
791158,0.000144128
791199,3.4816e-05
791239,1.3312e-05
791253,1.3056e-05
791330,6.0672e-05
791381,4.0448e-05
791432,2.432e-05
791460,5.376e-06
791558,2.6624e-05
791670,1.024e-06
791676,6.3232e-05
791747,7.04e-05
791758,0.000154624
791776,5.12e-07
791787,5.12e-07
791928,2.56e-06
791947,6.6304e-05
791986,3.1744e-05
792011,5.888e-05
792065,4.5312e-05
792135,3.0976e-05
792179,1.2288e-05
792216,9.1904e-05
792316,3.6864e-05
792365,7.4752e-05
792420,1.024e-06
792566,2.9184e-05
792681,8.96e-06
792699,1.2544e-05
792818,2.3296e-05
792867,1.4848e-05
792871,1.3824e-05
792945,0.000173824
792958,2.2272e-05
792963,0.000844288
793011,0.000430336
793073,2.816e-05
793173,3.072e-05
793280,5.4528e-05
793324,2.1248e-05
793441,2.4064e-05
793480,1.8176e-05
793484,5.5808e-05
793489,0.000201472
793534,4.0448e-05
793563,0.000121088
793642,2.048e-06
793685,4.3008e-05
793724,0.000113664
793823,1.9712e-05
793896,3.584e-05
793915,8.704e-06
793919,7.5008e-05
794088,3.968e-05
794126,8.448e-06
794127,5.12e-05
794156,2.56e-05
794221,4.608e-06
794239,3.7888e-05
794330,4.6592e-05
794398,1.152e-05
794419,1.5104e-05
794461,2.4576e-05
794512,8.448e-06
794565,6.0928e-05
794601,1.92e-05
794630,2.2016e-05
794638,4.608e-05
794688,3.5072e-05
794755,7.9104e-05
794762,1.5104e-05
794825,1.7152e-05
794887,7.168e-06
794920,5.632e-06
794930,7.2192e-05
795054,9.5744e-05
795092,8.4736e-05
795129,2.6624e-05
795192,0.000566272
795232,5.632e-06
795295,1.3312e-05
795331,1.7152e-05
795335,1.9712e-05
795361,0.00014464
795412,3.2768e-05
795446,0.000932864
795492,2.56e-07
795511,3.5072e-05
795598,0.000180736
795664,3.4048e-05
795697,7.68e-07
795703,0.000836608
795743,8.8576e-05
795864,1.7408e-05
795879,1.024e-06
795909,2.3552e-05
795939,1.5872e-05
795949,1.6896e-05
795989,8.9856e-05
795999,5.8112e-05
796019,4.352e-05
796039,0.000160512
796049,1.92e-05
796057,0.000186368
796069,7.68e-06
796079,5.6576e-05
796099,6.8096e-05
796119,0.000494336
796149,0.000146688
796159,9.2416e-05
796179,9.0624e-05
796199,0.000212224
796219,0.000232704
796229,0.000276992
796239,5.0944e-05
796269,0.000277248
796279,0.00032896
796299,0.000341248
796309,0.000482304
796329,7.8592e-05
796359,0.000356352
796369,5.0432e-05
796389,0.000430592
796439,3.2512e-05
796449,4.224e-05
796545,0.000250368
796581,4.1984e-05
796708,3.584e-05
796800,1.5616e-05
796959,0.000292352
796970,3.3024e-05
797000,9.7536e-05
797114,0.000457472
797168,8.064e-05
797169,0.000103424
797255,1.7152e-05
797266,2.304e-06
797358,5.0944e-05
797380,2.56e-05
797458,4.2496e-05
797543,9.984e-06
797693,2.9952e-05
797709,2.6112e-05
797757,2.2272e-05
797855,3.2e-05
797957,4.352e-06
798081,9.216e-06
798123,3.84e-06
798165,4.9408e-05
798220,7.0144e-05
798244,3.4048e-05
798321,5.9392e-05
798329,4.352e-06
798348,1.8432e-05
798364,3.6864e-05
798389,9.728e-06
798516,4.5312e-05
798533,0.00010368
798608,9.0368e-05
798632,2.9952e-05
798766,1.792e-05
798791,1.7152e-05
798844,0.000161792
798908,0.000151808
798945,0.000381696
798984,7.1936e-05
799091,2.0736e-05
799136,6.144e-06
799190,3.584e-06
799198,0.00041856
799231,8.5504e-05
799244,4.0448e-05
799296,3.328e-06
799310,2.1504e-05
799367,3.072e-06
799395,3.2256e-05
799408,1.4592e-05
799433,5.888e-06
799546,4.9408e-05
799557,5.888e-06
799559,0.000237568
799656,0.000108288
799696,4.48e-05
799811,3.7632e-05
799872,1.8944e-05
799966,8.448e-05
800040,5.6832e-05
800061,2.7136e-05
800100,7.1424e-05
800163,0.000192256
800203,1.2544e-05
800224,7.7056e-05
800286,8.7808e-05
800309,5.12e-06
800360,0.000165632
800440,2.6112e-05
800496,6.912e-06
800507,1.7664e-05
800628,2.9696e-05
800691,1.2288e-05
800693,1.0496e-05
800732,9.856e-05
800737,7.0656e-05
800762,0.000499968
800771,5.12e-06
800844,2.6112e-05
800867,5.5808e-05
800875,0.000114688
800924,3.584e-06
801001,2.5088e-05
801125,2.816e-06
801200,4.352e-06
801276,0.000211968
801354,0.000123392
801359,9.0368e-05
801408,1.0752e-05
801501,9.216e-06
801535,0.00014592
801651,3.584e-06
801769,1.5616e-05
801798,0.000337152
801860,0.00012544
801958,2.2016e-05
801985,6.6816e-05
802032,8.704e-06
802110,7.68e-06
802129,4.8128e-05
802195,4.352e-06
802297,4.1984e-05
802441,5.6832e-05
802446,1.2032e-05
802499,1.0496e-05
802545,1.3056e-05
802556,2.816e-06
802575,0.000351232
802676,2.5856e-05
802751,6.4e-06
802905,2.5344e-05
803023,2.816e-06
803083,5.12e-06
803157,7.8592e-05
803221,1.5616e-05
803245,9.728e-06
803379,2.0736e-05
803465,7.936e-06
803504,2.2272e-05
803576,3.2e-05
803618,2.048e-06
803674,3.8912e-05
803708,2.56e-07
803757,2.688e-05
803789,5.248e-05
803879,2.9696e-05
803947,2.56e-07
804027,2.7648e-05
804071,4.0448e-05
804092,7.68e-07
804093,5.632e-06
804154,0.000814848
804238,2.9184e-05
804301,5.12e-06
804330,4.4032e-05
804344,2.56e-06
804365,0.000101888
804371,0.000972032
804484,8.96e-06
804499,1.792e-06
804524,0.000412928
804576,1.6896e-05
804631,0.000107008
804662,4.096e-06
804670,6.144e-06
804873,0.000140032
804908,2.8416e-05
804930,0.0001216
804958,6.528e-05
804963,2.56e-06
805014,5.76e-05
805093,2.4576e-05
805144,1.28e-06
805204,0.0
805271,2.0224e-05
805345,2.048e-06
805353,0.000100352
805531,5.9392e-05
805562,1.7152e-05
805611,4.4032e-05
805752,2.7648e-05
805797,3.5072e-05
805860,4.608e-05
805940,5.6064e-05
805976,3.8656e-05
806050,5.3248e-05
806130,5.3248e-05
806157,3.5584e-05
806160,1.28e-05
806197,0.000151808
806240,0.000140032
806312,4.864e-05
806349,1.7152e-05
806475,2.2272e-05
806576,0.0
806618,7.68e-06
806741,7.424e-06
806759,0.000409344
806764,0.000705024
806806,8.192e-05
806987,3.84e-06
807099,1.664e-05
807143,0.0
807200,2.2528e-05
807253,2.8672e-05
807271,1.792e-05
807293,4.8896e-05
807321,4.352e-06
807337,6.4256e-05
807355,6.144e-06
807379,4.4032e-05
807436,3.6608e-05
807480,4.352e-05
807510,1.1008e-05
807560,1.024e-05
807564,0.00013184
807617,1.664e-05
807680,4.6592e-05
807781,7.936e-06
807873,2.688e-05
807907,1.3824e-05
807932,4.0448e-05
807946,0.000124416
807960,0.00203392
808044,3.2e-05
808059,7.0144e-05
808068,0.000135936
808119,8.3968e-05
808182,3.8656e-05
808244,3.328e-06
808361,1.792e-06
808368,1.6896e-05
808437,2.1248e-05
808484,4.1984e-05
808546,1.8688e-05
808561,0.001927168
808611,4.1216e-05
808640,5.5552e-05
808830,0.000143872
808887,3.1744e-05
808901,1.0496e-05
808906,0.000251648
808928,4.6336e-05
809036,9.3184e-05
809127,2.048e-06
809157,4.4032e-05
809163,0.001568
809217,1.6896e-05
809325,5.7344e-05
809396,3.0208e-05
809556,1.7152e-05
809594,6.3488e-05
809630,6.4e-05
809687,5.12e-06
809752,0.0001088
809762,0.000768
809898,1.8176e-05
809937,2.304e-06
810012,6.3488e-05
810032,0.000336896
810105,7.68e-07
810273,1.408e-05
810277,6.144e-05
810357,1.9968e-05
810359,0.000626176
810435,2.2784e-05
810484,3.84e-06
810488,1.2544e-05
810526,1.536e-05
810556,6.0416e-05
810592,6.656e-06
810686,1.792e-06
810718,6.8352e-05
810789,2.816e-06
810797,0.000279552
810829,2.9952e-05
810958,1.6384e-05
811001,3.8656e-05
811159,9.728e-06
811164,4.3776e-05
811224,1.408e-05
811464,2.9184e-05
811557,0.000286976
811655,6.7584e-05
811668,1.7152e-05
811716,0.000124672
811788,3.5072e-05
811888,1.4336e-05
811897,0.000128512
811941,5.12e-06
811942,4.352e-06
812055,2.304e-05
812095,4.864e-06
812101,5.2224e-05
812188,9.728e-05
812202,7.424e-05
812227,2.4832e-05
812295,8.6272e-05
812324,3.328e-06
812365,9.216e-05
812387,2.6368e-05
812408,0.000144384
812427,2.816e-05
812468,0.000216832
812505,3.9168e-05
812611,3.072e-06
812681,1.2544e-05
812723,1.536e-06
812746,4.864e-05
812762,5.9648e-05
812812,5.8624e-05
812827,4.1728e-05
812865,1.024e-06
812872,0.000104192
812893,0.000147456
812972,7.68e-06
812999,5.888e-06
813015,0.000272128
813080,5.888e-05
813265,2.2016e-05
813270,1.8432e-05
813300,4.1728e-05
813325,5.6576e-05
813345,4.0448e-05
813361,1.28e-06
813365,0.001334016
813517,1.3824e-05
813525,0.00013952
813588,2.2784e-05
813612,2.0224e-05
813656,0.000159488
813765,6.144e-06
813785,9.3184e-05
813831,1.024e-06
813841,2.4576e-05
813853,9.728e-06
813953,1.5104e-05
813957,0.000122112
814032,1.024e-05
814064,0.000142848
814113,1.3568e-05
814128,0.000164096
814256,5.0176e-05
814295,2.7648e-05
814341,4.352e-06
814347,2.9696e-05
814419,2.2528e-05
814471,0.000204032
814496,1.8944e-05
814505,4.096e-06
814517,1.28e-05
814545,0.00014336
814557,0.000296448
814634,6.656e-06
814681,3.328e-06
814720,2.0224e-05
814742,1.6896e-05
814816,6.6048e-05
814884,4.6336e-05
814924,3.456e-05
814988,3.584e-05
815076,7.936e-06
815150,5.6064e-05
815165,0.000240896
815168,1.6896e-05
815191,8.2432e-05
815443,2.944e-05
815536,2.048e-06
815587,3.8912e-05
815624,5.632e-06
815679,3.072e-06
815745,2.9696e-05
815759,4.6336e-05
815764,0.00041472
815927,1.28e-06
816027,0.000132352
816101,6.8096e-05
816156,6.1696e-05
816161,7.3472e-05
816209,1.536e-05
816308,2.0736e-05
816332,1.8432e-05
816345,9.4208e-05
816351,6.4e-06
816401,0.000122368
816505,4.0448e-05
816551,6.7328e-05
816597,4.3264e-05
816825,2.7136e-05
816885,5.8368e-05
816932,1.2288e-05
816946,0.000170496
816967,0.000125184
816994,3.3536e-05
817085,2.4576e-05
817105,5.3248e-05
817126,2.6112e-05
817216,1.152e-05
817260,1.6896e-05
817278,1.1008e-05
817333,0.000297216
817365,8.4992e-05
817379,4.864e-06
817433,7.2192e-05
817525,1.4592e-05
817543,6.4e-06
817557,0.000125952
817559,2.56e-06
817569,6.3488e-05
817622,3.2512e-05
817749,9.856e-05
817785,6.912e-06
817812,3.2e-05
817817,4.096e-06
817827,1.8176e-05
817859,2.9696e-05
817965,2.56e-05
818031,2.2784e-05
818078,1.2544e-05
818112,1.152e-05
818141,3.584e-06
818155,4.4032e-05
818170,1.8688e-05
818202,1.8432e-05
818216,1.024e-05
818230,1.024e-06
818255,1.024e-05
818290,5.8624e-05
818372,2.5344e-05
818449,4.352e-06
818474,5.12e-05
818494,5.5552e-05
818563,0.000154112
818634,3.4816e-05
818760,0.000113664
818773,8.4224e-05
818814,7.936e-06
818820,0.000514304
818900,4.48e-05
818969,1.2288e-05
819001,1.9968e-05
819047,0.000272896
819088,3.584e-06
819114,0.00010368
819307,0.000157696
819362,3.0464e-05
819376,0.00084096
819435,0.000114432
819471,3.6864e-05
819490,0.000272384
819541,3.84e-06
819649,1.2032e-05
819712,1.1776e-05
819776,1.28e-06
819889,9.1648e-05
819942,1.0752e-05
819945,0.000513792
820046,1.408e-05
820152,1.7408e-05
820176,2.2784e-05
820224,1.024e-06
820273,8.704e-06
820302,8.704e-06
820323,8.704e-06
820420,2.688e-05
820448,8.7808e-05
820504,1.664e-05
820546,1.8176e-05
820572,0.000163072
820648,7.1168e-05
820716,5.12e-05
820735,1.28e-06
820800,3.072e-05
820835,3.8144e-05
820865,1.7152e-05
820967,8.8832e-05
821015,2.0224e-05
821047,1.024e-05
821056,1.3056e-05
821127,2.7136e-05
821156,1.28e-05
821157,0.00113024
821202,0.000128256
821239,1.28e-06
821347,1.8944e-05
821353,0.000168192
821416,6.656e-06
821438,2.3296e-05
821491,1.3568e-05
821652,3.84e-06
821682,9.728e-06
821697,8.1152e-05
821704,2.048e-06
821715,6.6816e-05
821745,0.000164608
821802,3.84e-06
821865,1.0752e-05
821894,4.992e-05
821948,8.832e-05
821988,1.536e-06
822115,7.936e-06
822160,2.048e-06
822345,0.000852224
822440,3.2512e-05
822482,2.304e-06
822507,7.936e-06
822580,4.4032e-05
822674,2.2016e-05
822747,1.0752e-05
822777,7.5776e-05
822861,4.864e-06
822945,7.6032e-05
822968,0.000276992
822998,7.0656e-05
823057,3.584e-05
823093,1.4848e-05
823100,3.7632e-05
823131,3.4048e-05
823156,1.2032e-05
823169,1.4848e-05
823217,4.352e-05
823261,0.00013952
823280,2.048e-06
823317,5.12e-06
823396,4.0192e-05
823454,7.424e-06
823553,2.5856e-05
823607,3.84e-06
823616,0.00012416
823655,1.28e-06
823745,1.3312e-05
823749,3.3024e-05
823785,2.56e-05
823825,1.2032e-05
823834,7.936e-06
824053,4.096e-05
824080,2.5344e-05
824104,1.8176e-05
824145,1.536e-05
824176,0.00038272
824322,5.6832e-05
824368,0.0
824463,2.8416e-05
824488,6.5792e-05
824695,2.816e-06
824707,5.7088e-05
824737,4.1472e-05
824757,8.9344e-05
824761,0.000948992
824765,0.000422912
824827,9.0368e-05
824914,2.4576e-05
825007,8.9856e-05
825068,3.968e-05
825225,3.6608e-05
825247,7.168e-06
825319,1.0752e-05
825356,4.608e-05
825361,2.3552e-05
825392,0.000566784
825459,1.8944e-05
825567,2.0736e-05
825628,2.304e-06
825669,1.024e-05
825723,4.352e-06
825777,1.1008e-05
825784,1.664e-05
825815,1.7664e-05
825829,6.272e-05
825881,5.888e-06
825956,0.000226304
825960,0.000100096
826031,1.2544e-05
826047,8.6016e-05
826114,2.56e-06
826316,9.984e-06
826347,2.048e-05
826367,1.6128e-05
826407,1.28e-05
826476,1.7408e-05
826506,4.864e-06
826557,7.7824e-05
826571,2.048e-06
826640,2.7648e-05
826700,2.5856e-05
826720,8.064e-05
826758,2.3296e-05
826875,2.1504e-05
826914,3.584e-06
826994,2.304e-05
827004,2.3808e-05
827041,3.584e-06
827151,6.9888e-05
827160,4.864e-06
827265,4.608e-05
827286,0.000149504
827321,8.8576e-05
827366,2.432e-05
827406,4.0192e-05
827444,7.68e-07
827487,1.8176e-05
827534,2.9952e-05
827569,7.68e-07
827616,7.2704e-05
827632,2.2016e-05
827662,1.8176e-05
827745,1.408e-05
827760,2.0224e-05
827867,4.2752e-05
827918,1.7664e-05
827984,8.96e-06
828012,0.00063488
828047,6.2464e-05
828073,1.6896e-05
828139,1.8944e-05
828276,0.000149248
828310,2.432e-05
828345,6.8096e-05
828376,1.024e-05
828416,5.12e-07
828427,1.0752e-05
828469,7.68e-06
828500,3.9936e-05
828618,0.000579584
828695,7.2192e-05
828714,1.5872e-05
828813,9.5488e-05
828824,7.936e-06
828901,4.2496e-05
828921,9.728e-06
828961,1.2544e-05
828987,9.984e-06
829022,3.1744e-05
829048,1.7408e-05
829060,0.000211712
829130,1.1264e-05
829135,0.000100864
829276,9.6256e-05
829317,4.608e-06
829377,4.5568e-05
829433,1.1776e-05
829493,3.84e-06
829498,0.00029312
829525,2.5856e-05
829637,0.000113664
829686,0.000679424
829763,4.864e-06
829784,3.712e-05
829809,3.584e-06
829883,1.5872e-05
829932,2.4576e-05
829955,5.9136e-05
830016,4.5056e-05
830039,3.2256e-05
830068,1.792e-06
830105,1.2544e-05
830161,3.328e-06
830162,0.001670144
830216,2.1504e-05
830271,2.5088e-05
830313,1.28e-05
830359,1.536e-05
830382,2.688e-05
830465,0.000127488
830517,9.9072e-05
830592,6.7328e-05
830678,1.6384e-05
830701,3.2768e-05
830713,8.448e-06
830760,0.000529408
830832,3.8656e-05
830894,2.6112e-05
830921,1.3056e-05
830975,2.3552e-05
831029,0.000105728
831041,0.000770048
831168,0.000178944
831250,4.352e-06
831259,2.8672e-05
831296,0.000111616
831339,1.7664e-05
831355,1.0752e-05
831366,0.00418944
831521,2.4064e-05
831593,4.096e-05
831634,7.424e-06
831638,4.9152e-05
831655,3.8656e-05
831675,5.888e-06
831777,4.9408e-05
831821,5.12e-07
831886,1.3056e-05
831909,8.704e-06
831925,8.704e-06
831999,6.7584e-05
832087,6.4e-06
832099,8.704e-06
832118,3.8656e-05
832135,2.176e-05
832155,1.4592e-05
832261,1.152e-05
832284,5.888e-06
832407,0.000666624
832545,7.5776e-05
832558,0.000165888
832688,3.8912e-05
832711,2.048e-05
832733,0.000143616
832822,4.096e-05
832848,1.2032e-05
832853,2.2016e-05
832871,2.7392e-05
832878,9.216e-06
832920,1.2544e-05
832977,5.12e-05
832997,8.7552e-05
833051,6.0416e-05
833062,1.9712e-05
833157,0.00010752
833158,0.000113408
833283,5.376e-05
833416,4.864e-06
833439,7.0912e-05
833491,1.664e-05
833614,4.608e-06
833652,1.0752e-05
833667,3.328e-06
833705,1.152e-05
833745,8.6784e-05
833757,5.248e-05
833760,6.912e-05
833765,0.011844864
833892,6.144e-05
833940,9.216e-06
833951,0.00012288
834020,7.68e-05
834093,5.504e-05
834116,6.3744e-05
834215,6.0416e-05
834222,1.2544e-05
834233,6.7584e-05
834253,3.0976e-05
834327,0.000356608
834402,5.376e-05
834416,2.2528e-05
834576,4.7616e-05
834596,6.8352e-05
834624,0.00012032
834720,4.6336e-05
834921,1.6128e-05
834966,0.000356864
834986,0.000328192
835070,3.584e-06
835075,2.816e-06
835124,2.432e-05
835164,3.328e-05
835227,1.4848e-05
835243,6.912e-06
835287,5.0688e-05
835295,8.704e-06
835327,2.9184e-05
835396,0.000136448
835449,1.4336e-05
835521,1.28e-06
835546,5.12e-07
835558,0.000398336
835636,1.536e-05
835644,1.9712e-05
835671,6.144e-06
835695,2.8672e-05
835724,3.6096e-05
835813,1.536e-06
835830,2.3552e-05
835851,2.56e-07
835871,8.704e-06
835950,5.888e-06
835993,0.00011008
836007,6.1184e-05
836065,1.792e-06
836141,3.4048e-05
836156,1.792e-05
836164,0.00012544
836195,9.472e-06
836283,4.5824e-05
836324,1.2288e-05
836400,1.1008e-05
836486,8.9088e-05
836494,0.00042752
836717,1.7152e-05
836724,9.728e-06
836758,6.272e-05
836814,0.00017152
836977,8.5504e-05
836982,4.096e-06
837027,3.328e-06
837032,4.9152e-05
837149,0.00014336
837180,3.6608e-05
837234,5.888e-06
837268,2.56e-06
837274,8.96e-06
837362,1.1776e-05
837396,0.000920064
837519,2.0224e-05
837554,1.024e-06
837585,4.5056e-05
837616,0.00029568
837648,2.432e-05
837697,3.84e-06
837751,2.0736e-05
837816,4.1472e-05
837852,2.688e-05
837879,5.9904e-05
837902,1.2032e-05
837921,0.000134912
837945,4.864e-05
837952,3.2e-05
837985,3.584e-06
837992,1.8432e-05
838102,6.144e-06
838146,4.5312e-05
838164,0.0003392
838254,5.376e-06
838287,1.024e-05
838339,1.536e-05
838362,1.1776e-05
838387,3.2512e-05
838488,4.352e-06
838530,1.28e-05
838542,0.000175872
838607,2.6112e-05
838653,9.472e-06
838734,7.936e-06
838750,1.9456e-05
838767,6.6304e-05
838808,8.2688e-05
838912,4.1216e-05
838940,6.7584e-05
839021,0.000128768
839054,0.000105984
839115,2.56e-06
839135,1.536e-05
839150,0.000515072
839172,0.000874752
839309,9.3696e-05
839353,2.816e-06
839412,1.3568e-05
839422,1.5104e-05
839486,1.9968e-05
839610,1.0752e-05
839681,2.6624e-05
839750,6.8352e-05
839758,0.008564736
840073,3.2768e-05
840140,3.584e-05
840160,3.2512e-05
840225,9.1136e-05
840248,8.96e-06
840277,1.5616e-05
840329,6.4e-06
840357,1.9968e-05
840365,8.2688e-05
840453,6.2208e-05
840465,1.792e-06
840485,8.96e-06
840499,3.8144e-05
840510,9.984e-06
840555,7.1168e-05
840596,2.0224e-05
840630,4.6848e-05
840763,4.1472e-05
840867,2.304e-05
840887,1.2288e-05
840893,2.304e-06
840946,9.216e-05
840955,3.968e-05
841207,7.424e-06
841222,7.168e-06
841244,3.2256e-05
841252,5.9392e-05
841289,0.00052992
841332,9.984e-06
841413,3.072e-05
841456,5.12e-07
841487,1.5872e-05
841546,2.0736e-05
841561,0.001945088
841592,2.7392e-05
841613,7.936e-06
841658,8.192e-06
841695,3.1488e-05
841859,7.4752e-05
841868,2.9184e-05
841922,4.352e-06
842036,2.816e-06
842124,3.0976e-05
842160,0.004583168
842172,0.00048128
842330,2.9696e-05
842375,8.704e-05
842468,8.576e-05
842535,1.3568e-05
842553,1.536e-05
842570,7.168e-05
842583,1.0496e-05
842655,2.3296e-05
842750,2.7136e-05
842758,4.992e-05
842762,0.001438464
842835,1.536e-06
842885,0.000152064
842900,3.584e-05
842952,1.792e-06
843018,3.2256e-05
843030,2.7136e-05
843059,3.6096e-05
843169,5.9648e-05
843224,1.1264e-05
843369,0.000300032
843447,1.408e-05
843529,9.216e-06
843580,6.0416e-05
843611,1.5872e-05
843648,0.000626176
843707,1.4848e-05
843747,8.0896e-05
843754,8.96e-06
843772,4.224e-05
843808,1.8688e-05
843993,6.1184e-05
844007,1.9712e-05
844036,4.352e-05
844084,3.7632e-05
844124,1.8944e-05
844158,4.9408e-05
844191,6.4e-06
844216,6.912e-06
844239,7.168e-06
844356,5.12e-07
844477,3.0464e-05
844492,1.4592e-05
844535,3.2256e-05
844561,0.00112128
844653,7.2704e-05
844724,7.68e-06
844769,0.000142592
844849,3.3792e-05
844850,0.000730112
844902,1.0496e-05
844936,2.5856e-05
844971,6.656e-06
845016,2.5856e-05
845064,5.376e-06
845120,1.3824e-05
845157,0.000152064
845165,0.000295424
845202,4.608e-05
845212,0.00035072
845301,4.096e-06
845311,2.432e-05
845318,0.000182016
845336,0.000490752
845403,6.7072e-05
845514,6.6048e-05
845555,4.3264e-05
845588,7.424e-06
845600,4.9408e-05
845605,9.7792e-05
845685,2.816e-06
845713,7.0912e-05
845758,0.000350208
845781,5.6576e-05
845800,0.000611328
845833,7.296e-05
845868,1.92e-05
845870,0.000238592
845880,2.304e-06
845930,0.000136704
845950,6.8352e-05
845960,0.000134912
845980,0.000314368
846010,0.00036608
846030,0.000115456
846040,0.000137728
846050,0.000608512
846060,0.000173056
846090,4.7872e-05
846100,8.0384e-05
846110,0.000250368
846120,7.0656e-05
846130,0.000147968
846140,0.000119296
846150,5.2224e-05
846170,0.000136192
846180,8.1152e-05
846190,8.32e-05
846200,0.000147712
846210,0.00100992
846230,0.000283136
846260,0.000205568
846270,0.000131584
846280,0.000362496
846290,0.000184576
846300,0.000405504
846310,5.4528e-05
846320,0.000294144
846330,0.000911872
846340,0.00025472
846360,3.5072e-05
846390,0.000310528
846410,6.7072e-05
846420,0.000403712
846430,0.000361728
846460,0.000240384
846470,2.0224e-05
846480,0.0004416
846490,0.000310784
846500,0.000358144
846510,0.000219648
846530,0.000562688
846540,0.000857344
846550,0.00014208
846570,0.000989184
846600,0.000891392
846610,0.000192768
846695,2.048e-05
846720,3.584e-06
846733,0.000220672
846856,0.000322816
846909,1.9968e-05
846963,4.096e-06
846965,0.000685568
847097,2.304e-06
847355,0.00013568
847467,3.328e-06
847552,1.28e-06
847556,0.000167936
847591,5.248e-05
847613,3.584e-05
847679,0.00023936
847723,2.7136e-05
847953,0.000321792
848033,0.000230912
848067,3.0976e-05
848091,2.56e-07
848104,6.912e-06
848114,3.3536e-05
848145,2.816e-06
848224,2.56e-07
848251,2.0224e-05
848322,1.1008e-05
848363,2.1504e-05
848436,4.0704e-05
848538,1.3312e-05
848597,4.4544e-05
848647,1.6896e-05
848667,2.9952e-05
848715,1.7408e-05
848759,9.216e-06
848764,7.936e-06
848805,2.1504e-05
848832,0.00088704
848883,1.28e-05
848906,9.5488e-05
849000,2.3808e-05
849063,1.8944e-05
849112,4.864e-06
849211,2.56e-06
849257,5.2736e-05
849277,1.5104e-05
849345,6.144e-06
849355,0.00020608
849427,5.12e-07
849439,7.0912e-05
849479,4.6848e-05
849505,6.3488e-05
849553,1.1264e-05
849649,2.944e-05
849660,4.4032e-05
849698,1.8432e-05
849767,0.000111616
849783,6.4e-06
849811,5.888e-05
849837,0.000297472
849863,2.6624e-05
849919,2.56e-05
849962,8.32e-05
849968,1.8432e-05
850011,0.000138496
850031,5.3504e-05
850096,4.992e-05
850188,1.5104e-05
850255,4.0192e-05
850333,4.8384e-05
850408,3.2e-05
850424,1.4592e-05
850433,9.216e-06
850453,2.304e-06
850563,0.001413376
850667,3.84e-06
850691,0.000281088
850743,8.96e-06
850878,4.096e-06
850918,4.9664e-05
851008,9.216e-06
851052,6.4e-06
851092,2.304e-06
851105,2.1248e-05
851119,6.144e-06
851166,0.000349184
851199,1.28e-05
851260,6.656e-06
851283,4.7616e-05
851398,3.84e-06
851437,1.536e-05
851451,1.4848e-05
851488,7.5008e-05
851508,2.6112e-05
851520,6.528e-05
851538,1.7152e-05
851551,1.28e-05
851580,5.1456e-05
851662,8.2432e-05
851698,3.328e-06
851756,0.000223488
851802,4.1216e-05
851876,6.4e-06
851944,0.000245504
852007,1.6896e-05
852036,7.8592e-05
852042,3.8656e-05
852129,5.12e-06
852160,3.072e-06
852276,6.912e-06
852345,0.00184064
852363,0.000627712
852418,4.864e-06
852538,6.4768e-05
852569,1.408e-05
852604,1.3824e-05
852700,1.1776e-05
852706,4.7616e-05
852753,0.00076928
852780,3.4048e-05
852881,2.048e-06
852892,4.608e-06
852921,6.6304e-05
852944,0.000118272
852957,0.000214528
852968,0.000457472
853026,2.9184e-05
853056,3.6352e-05
853085,8.192e-06
853109,1.8176e-05
853148,3.456e-05
853189,3.584e-06
853245,2.7136e-05
853313,0.000162816
853347,1.28e-06
853354,3.6864e-05
853394,0.000105216
853421,1.6896e-05
853509,3.584e-06
853530,0.00011648
853561,4.8896e-05
853739,2.7648e-05
853764,0.000145152
853915,4.8128e-05
853955,8.1408e-05
854052,2.0992e-05
854108,5.3504e-05
854134,5.7344e-05
854146,4.992e-05
854158,0.000153856
854162,0.000382976
854197,0.000103168
854256,4.1984e-05
854480,1.2032e-05
854580,2.304e-05
854606,8.7552e-05
854679,1.2544e-05
854701,2.0992e-05
854714,2.048e-06
854746,0.00010752
854758,0.00384512
854827,5.12e-07
854851,2.816e-05
854914,4.352e-06
854922,2.432e-05
854978,8.3456e-05
855045,1.8176e-05
855056,1.2288e-05
855119,6.144e-06
855171,2.8928e-05
855293,3.7376e-05
855415,1.536e-05
855445,0.00028288
855476,8.704e-05
855503,0.000158976
855588,7.424e-06
855613,0.0
855620,0.000200448
855708,4.736e-05
855735,6.0928e-05
855798,4.1216e-05
855877,3.9168e-05
855895,2.176e-05
855928,1.8176e-05
855957,8.1152e-05
855964,0.00072192
856026,3.0464e-05
856043,1.28e-05
856140,6.7328e-05
856227,5.8112e-05
856256,1.9968e-05
856339,2.816e-06
856362,5.376e-05
856421,7.1168e-05
856461,0.0001728
856490,2.9184e-05
856526,8.448e-06
856536,4.7872e-05
856561,0.00029184
856567,0.00014336
856677,2.048e-06
856701,3.072e-06
856745,0.000153344
856791,3.2e-05
856906,4.3008e-05
856939,1.6128e-05
857025,4.7616e-05
857075,2.5856e-05
857095,6.8864e-05
857145,1.5616e-05
857150,7.68e-07
857182,3.712e-05
857211,0.000184576
857255,4.5312e-05
857293,2.9184e-05
857320,4.3264e-05
857356,4.0448e-05
857429,4.2496e-05
857455,1.8688e-05
857540,5.12e-05
857556,4.5824e-05
857619,2.8672e-05
857632,1.1776e-05
857703,1.664e-05
857796,4.7616e-05
857808,3.8656e-05
857905,6.912e-06
857916,3.8144e-05
857936,1.28e-06
857993,0.000216832
858025,8.96e-06
858129,4.3008e-05
858140,6.656e-05
858167,1.0496e-05
858210,6.7328e-05
858220,3.1744e-05
858240,0.000165376
858280,0.00012672
858300,5.376e-05
858310,7.4496e-05
858320,5.2224e-05
858330,0.000279296
858350,0.00042112
858367,8.832e-05
858379,0.000378624
858410,0.000168448
858420,1.9968e-05
858450,0.000457984
858470,0.0004352
858490,0.0003648
858510,0.000557824
858520,0.000610816
858530,0.000354304
858550,0.000414464
858560,0.000416768
858580,0.000603392
858630,3.5328e-05
858670,8.448e-06
858680,5.632e-06
858748,5.8368e-05
858792,2.5344e-05
858892,2.304e-05
858930,6.656e-06
858956,0.000167424
858974,5.0432e-05
859015,2.432e-05
859115,1.7152e-05
859229,1.1264e-05
859230,2.816e-06
859283,4.608e-06
859295,5.888e-06
859306,1.536e-05
859368,9.472e-06
859390,4.7872e-05
859469,8.96e-06
859536,0.000148736
859582,2.5344e-05
859655,0.001872896
859725,2.0224e-05
859760,9.984e-06
859780,8.448e-05
859843,2.048e-05
859912,1.536e-05
860000,3.84e-06
860026,1.9456e-05
860050,3.4304e-05
860060,4.5056e-05
860105,0.00023808
860140,3.328e-06
860145,0.00014336
860200,5.12e-06
860210,2.56e-07
860301,7.68e-07
860314,8.448e-06
860347,3.584e-06
860353,0.000107776
860401,0.000171264
860467,1.024e-06
860567,1.664e-05
860614,4.7104e-05
860637,7.2192e-05
860660,0.000113152
860704,0.000126976
860727,1.024e-05
860734,1.4848e-05
860756,0.000107008
860758,2.944e-05
860822,7.6032e-05
860923,2.2016e-05
861010,4.8384e-05
861115,2.0224e-05
861141,7.68e-07
861345,9.472e-06
861363,1.1776e-05
861380,6.0928e-05
861433,1.8176e-05
861444,2.5856e-05
861498,1.8432e-05
861571,0.00092416
861650,6.5536e-05
861698,3.328e-06
861754,5.632e-06
861765,7.3728e-05
861893,3.2512e-05
861949,0.00016768
861957,0.000391424
862021,0.000294912
862097,1.8944e-05
862114,2.0224e-05
862120,4.352e-06
862216,3.0976e-05
862268,2.8416e-05
862364,1.4848e-05
862428,0.00012416
862568,0.000111104
862588,0.000242176
862658,6.5536e-05
862711,1.5616e-05
862766,1.792e-06
862770,8.0128e-05
862825,7.68e-06
862859,9.9072e-05
862937,0.000374272
863060,2.048e-06
863073,4.352e-06
863130,3.584e-06
863163,0.000103168
863187,9.7792e-05
863237,1.6128e-05
863256,1.2032e-05
863319,1.3568e-05
863380,1.9456e-05
863441,2.4576e-05
863527,1.5104e-05
863615,2.2016e-05
863697,0.000283648
863740,3.7888e-05
863756,0.000538368
863776,0.000819968
863875,8.704e-06
863909,5.248e-05
863932,6.144e-06
